67585.52545296126
60703.009546778274
55151.12425617826
50788.60057245977
45453.30185113499
40678.885136850826
35093.29363519536
30687.95848100806
26484.33345873479
22203.714200555958
18537.636384399197
15287.622046275337
12029.042063393534
8844.931532405553
6955.134660085294
5698.159238060995
4598.15154121112
3900.0770375060124
2937.3977571082023
2451.0983993291093
2398.4871526263587
2142.2776090404354
1910.0693270074444
1804.0547676560197
1659.7393967161772
1376.2699974986301
1307.4900104667545
1307.4900104667545
1297.3881461247242
1256.209898968314
1200.648280832143
1200.648280832143
1187.463925081872
1150.754615835772
1132.996385045079
1110.545662040517
1080.7486425393201
947.695820505782
908.2430199674917
849.1797538751073
847.6197262775413
788.5204310035135
770.9811965355059
759.0003809615821
712.6144607420949
697.7024399569448
642.9005277795379
629.0453443610385
629.0453443610385
604.4208982062972
604.4208982062972
592.1910027435678
592.1910027435678
587.4935962890014
553.9648166166797
537.442201507498
515.2052045051935
506.5297597957643
490.2989115995338
472.0778126229214
460.0902745252311
431.6741220410587
410.54954012839306
392.40013061422997
363.2347867305117
333.52273521572056
317.19734667277777
305.25533892320993
299.0280141408953
293.5091739975337
287.64029904256233
287.64029904256233
286.90360560462955
278.1397576872384
265.0958222886924
239.35980799791378
230.6404908278522
209.63625290467866
209.63625290467866
209.63625290467866
196.34702817462681
194.17274391985654
189.25900710462378
189.25900710462378
189.25900710462378
188.40234567195967
181.29159094485829
178.8630115970189
175.1119708150708
149.66913125782497
133.21676342732457
122.75098643298051
122.75098643298051
122.75098643298051
120.38508937083563
115.33772967350043
113.49120065929363
113.49120065929363
112.81003536869557
109.70116126234197
109.70116126234197
109.28468953672946
109.08296990088255
108.46107508885294
107.42283346529939
105.92684678120447
100.7507578711776
96.76663103884061
96.76663103884061
92.05346514646537
92.05346514646537
92.05346514646537
89.98292438829375
89.90541174343741
89.58824595656503
85.4543780937828
85.4543780937828
85.21001855262666
84.18566735004076
84.18566735004076
82.99939009964861
82.94178891994429
82.94178891994429
82.94178891994429
82.94178891994429
82.94178891994429
82.94178891994429
82.65551700454155
81.87891857115356
78.98092838231476
78.98092838231476
78.98092838231476
78.74920755239357
76.21242530266936
75.53643735905285
74.26186107911477
74.26186107911477
74.14630467363509
73.76952748761066
73.76952748761066
73.76952748761066
73.76736931975256
73.52658961344012
73.43003651380464
73.43003651380464
73.43003651380464
73.42640026062257
73.42640026062257
73.39181983297374
73.39181983297374
73.38306417754484
73.35990447816135
73.34789174443549
73.34135945977992
73.2895070771501
73.27278886034485
73.23104420450929
73.14382607344393
73.09536608020395
73.04162258192216
72.98533465053019
72.90866994915248
72.77962176039205
72.75911786550759
72.60358699186483
72.43970338920697
72.30018637886364
72.05278793862874
71.64418176198218
71.63124280743686
71.4265501784401
71.3790362364065
71.3790362364065
71.31992778205722
71.30093625293087
71.30093625293087
71.30093625293087
71.30093625293087
71.29475181133357
71.25285817293343
71.18407925256045
71.14453445002279
71.14332105800523
71.08929416209216
71.07991840521109
71.03973574413646
71.02923003056927
71.02923003056927
71.02612188567635
71.01424468804645
70.99247429105704
70.87357536744055
70.82131138072724
70.61843484263083
70.49554296210205
70.39868991392112
70.39868991392112
70.14718821819811
70.14718821819811
69.92052769423859
69.8840369540982
69.72856500583909
69.72856500583909
69.51690320600437
69.38197609791867
69.28156645147826
69.23940377043296
69.22496688882349
69.22305109005616
69.10123885349671
69.04968629661771
69.00087194921595
68.97988638372374
68.95147652367689
68.94238322991035
68.91287403925296
68.8983693411374
68.78616637822678
68.72448664585842
68.58228009712163
68.42985146718596
68.35736601401794
68.29704481422692
68.23212389501244
68.23212389501244
68.23212389501244
68.23212389501244
68.22377634349681
68.09284905193697
68.0140145859533
67.92317716939684
67.9018490293315
67.9018490293315
67.89213142424646
67.82832585688237
67.80899921686516
67.80899921686516
66.95936426811484
66.954709613068
66.94863513213701
66.94863513213701
66.91291920561092
66.87130264106304
66.87130264106304
66.85273487023365
66.82772582163952
66.81885059964885
66.81885059964885
66.81885059964885
66.81434445138643
66.81434445138643
66.81434445138643
66.76422921197951
66.72348744465977
66.72346003323403
66.71003784200575
66.71003784200575
66.70020189137867
66.69150555782716
66.67463672119472
66.61778658121865
66.60498666772439
66.60498666772439
66.60278546978532
66.59174886119455
66.58245222503557
66.56757247264852
66.5633577680884
66.55387472802747
66.53457812262047
66.52530255897787
66.51952075558411
66.51516339606451
66.50531297082237
66.50261399010913
66.48493595895917
66.47916093160674
66.4632134384851
66.46209001089409
66.45623170313952
66.44888567518525
66.44426888673452
66.4430160451977
66.4430160451977
66.42817911585017
66.42592531115949
66.07817576165522
65.92183193875827
65.78718351449764
65.27805708965316
65.24755555032264
65.14002764194024
65.14002764194024
65.0824493935243
65.08203739602826
65.08203739602826
65.06606326664246
65.06606326664246
65.03641434363199
63.781726583449505
63.186221675288984
62.79235440329543
62.155810019190206
61.6465221809957
61.6465221809957
61.57016615826927
61.32952284604406
61.18980880381524
61.006745180653255
60.546967258338476
60.0506909276369
59.51012541572705
58.82056067114945
57.05263965584026
56.34593524453733
56.34593524453733
56.24420962008632
56.17009755474079
56.074701343271954
55.99477739406731
55.978769811760785
55.974175047671494
55.974175047671494
55.94240971387437
55.88314623830966
55.825380574691565
55.732817250213266
55.7020367356947
55.53389857774747
55.43488512937517
55.280044136689405
55.071594295964644
54.960387781318154
54.90254257320314
54.8832272724389
54.857323284722284
54.85133863588146
54.82417816957184
54.7579210000762
54.71596290579535
54.660891669546785
54.65692763491279
54.544961236546406
54.36233120651469
54.27121809947135
54.23294695987251
54.129634985144364
53.996851305853994
53.91815226093395
53.9154940479278
52.99328517382843
52.547144317303136
51.48408256994923
51.47531879886154
51.3598310870211
51.137436465688936
51.137436465688936
51.137436465688936
50.81764744668561
50.520099915672546
49.58496083704112
48.640387550951395
47.23924443983256
46.73548715662299
46.71839282346134
46.49065429685929
46.41831325905761
46.18039925813302
46.07791479215716
45.27285867632196
44.54843417604351
44.1904136418655
43.41403833020413
43.41403833020413
43.17432842422172
42.32551260804738
42.26752269695664
41.69748062273599
41.679834307955424
41.44867987943879
41.34850122310597
41.297326640485984
41.282967091799435
41.25740545177453
41.25740545177453
41.08564913389457
40.943817619978134
40.943817619978134
40.800455957937984
40.748661808166496
40.748661808166496
40.748661808166496
40.7363659700146
40.68001952344722
40.66076112397405
40.57111015786655
40.50638423946992
40.4763709464368
40.4763709464368
40.465594616657995
40.38655610746587
40.285300144666046
40.285300144666046
40.28363564161959
40.277993602985426
40.252152869078685
40.21673638454906
40.20392801265225
40.1521017068673
40.02652917505011
39.83690387468262
39.719359290963034
39.594454927564
39.52289933895584
39.41549053777466
39.37955761074226
39.358879529079104
39.33974577108136
39.30569368855117
39.30569368855117
39.28947689592915
39.28947689592915
39.28947689592915
39.28947689592915
39.20859978632907
39.2035913464642
39.19680460244101
39.14905681556034
39.148106673638196
39.129787316821805
39.12010098339015
39.113273683836695
39.113273683836695
39.09705056351383
39.08626386508116
39.08626386508116
39.06225947535849
39.06225947535849
39.0601286574506
39.0566165059602
39.05456456782773
39.05004830661807
39.04099052068865
39.035228819170314
39.035228819170314
39.028229971127956
38.63325118355426
38.59273377671164
38.59273377671164
38.52165368353016
38.495096300051365
38.480643543947345
38.2358126465893
37.948930988340976
37.89198664373648
37.65699979312024
37.31476319180183
36.97813810120557
36.74340158913526
36.65309137136592
36.40289189692036
36.24781022549001
35.61651393458667
35.28347411442507
35.08365090144573
35.08365090144573
35.074288576437205
35.04835264833391
35.031219204773066
35.026507385224505
35.026507385224505
35.026507385224505
35.01818839014871
34.896774802232045
34.83818802664057
34.792441017352594
34.72929717657154
34.210679853444496
34.151826465467536
34.13895188603725
34.122592040397585
34.03528176982272
34.00908152184178
33.60815515778313
33.482172177867504
33.391442553197955
33.30970303975178
33.22707740249657
33.18029264662475
33.15779941416478
33.15779941416478
33.15779941416478
33.154182396392535
33.154182396392535
33.154182396392535
33.154182396392535
33.1407998618837
33.13095450918357
33.12446957837951
33.12446957837951
33.12248413928948
33.121828771451504
33.10701129292727
33.093180137013874
33.08993737905253
33.08354531554458
33.08354531554458
33.07598172978414
33.07598172978414
33.07598172978414
33.074898717176026
33.07110769350297
33.06529613657814
33.05219713049334
33.04731135245165
33.04238344477401
33.01605332144255
33.00177683630971
32.98658536617467
32.970823439959595
32.931366894815284
32.859522267796294
32.799621076264316
32.750626232852944
32.65445936156983
32.62713059464289
32.60371512892236
32.598473040283636
32.59505453660897
32.59505453660897
32.576142872881846
32.563245218986616
32.563245218986616
32.55292301193276
32.5512963983929
32.544147428663926
32.537748112324806
32.52307713531373
32.51688563895196
32.512814672239195
32.512814672239195
32.50168495793812
32.487653417335835
32.47221879387594
32.47221879387594
32.46900715466914
32.462935703166146
32.45481349088665
32.44960928295033
32.44585401471598
32.44316546959339
32.43940625014977
32.43940625014977
32.43550960473101
32.43550960473101
32.43427619158327
32.43340590280907
32.43131781012633
32.43131781012633
32.42679237881122
32.42679237881122
32.426306181314345
32.42599430149584
32.42491668531224
32.423636173301425
32.42258305788553
32.42077206439391
32.42077206439391
32.4202622784383
32.417378339721814
32.41328844620425
32.4092873160733
32.4092873160733
32.4092873160733
32.4092873160733
32.4092873160733
32.409222276105446
32.407953473985415
32.40566123754422
32.402781548397726
32.39850102662479
32.391321994220505
32.383023092608795
32.374255631831474
32.354196509056145
32.33135116514773
32.31368696792908
32.30654001468202
32.3046147140426
32.30314555413893
32.3003263088224
32.284770054936445
32.258984338461595
32.25089468658656
32.23689966023834
32.227523651132884
32.21507719473259
32.198168838806396
32.198168838806396
32.19020700600513
32.184833421817544
32.180777353119026
32.17512461244316
32.15756124903053
32.143611275269
32.13942307217428
32.139306924921435
32.130620192341404
32.130620192341404
32.130620192341404
32.129369573569015
32.12665305969314
32.12591818151307
32.12031972810657
32.11674371211904
32.116654001376446
32.116546975815304
32.11604836806358
32.115292355218564
32.115292355218564
32.115292355218564
32.115278381132455
32.11497879810312
32.11497879810312
32.11497879810312
32.114776175770174
32.114776175770174
32.11427586433803
32.11326851610239
32.11264005648261
32.1120634592009
32.11041093358432
32.11016453623953
32.10999983167924
32.10990565405511
32.10912995445013
32.10903431944432
32.108763696669115
32.107889874970105
32.107889874970105
32.106902285892545
32.1062588999647
32.10585340337307
32.10530134888392
31.25805022632797
31.113097859655365
31.063574247147006
31.01629694065041
31.01629694065041
30.991086178985455
30.991086178985455
30.991081094788807
30.98217518424733
30.97959293400707
30.975926678987243
30.970947328946693
30.96961832150345
30.96961832150345
30.9694618492242
30.9694618492242
30.96939825439232
30.96939825439232
30.968721792318018
30.962221573393908
30.957251371356175
30.955093816030267
30.94852005686796
30.942739662816525
30.93863745888952
30.93840749181778
30.93419972661212
30.932051914617723
30.92552812021375
30.92227570207719
30.921853815004653
30.917060803121043
30.915955179865374
30.914980612107556
30.91348392609775
30.913408093751553
30.91318676471112
30.9131041255954
30.912842680809916
30.910213407684132
30.908775994512684
30.90773720801798
30.906940965350504
30.905501678260137
30.904128049394824
30.900750050167606
30.898071835113683
30.895212855345196
30.89304668496642
30.889684936693136
30.88686502164821
30.884893991585308
30.882667648749788
30.8795669179271
30.876569882881366
30.871541468893952
30.869170999660803
30.868563400159573
30.864520292081455
30.864520292081455
30.86099225175298
30.856917434692825
30.851522228146322
30.84255740803102
30.821401125303787
30.81045020463886
30.78444860645477
30.770016576655113
30.762642937883623
30.757821551114056
30.75531998383546
30.75145302182966
30.745359254938787
30.742612611284102
30.740137763224748
30.739390602324626
30.738485408751743
30.738087248259724
30.73747108623069
30.73747108623069
30.73606853533126
30.732624365649258
30.732367613299655
30.732176288175236
30.730190772515687
30.727365932256042
30.724288072858716
30.724204395764232
30.723650312856677
30.7236201513874
30.723001447875554
30.722824795945815
30.722824795945815
30.722560325100066
30.722381433242198
30.722381433242198
30.722048602244758
30.722048602244758
30.722048602244758
30.722044567873528
30.721946531840203
30.721946531840203
30.721946531840203
30.721946531840203
30.721946531840203
30.721867162812707
30.721867162812707
30.72177431801281
30.721605303583146
30.721538216953757
30.72115565860612
30.720785093273197
30.720448083470668
30.720028466736544
30.71960126100663
30.719252599978923
30.718868361357167
30.718687564116788
30.717825984259342
30.716936559755187
30.7158236841328
30.714677436827056
30.713379102995066
30.71122286933218
30.7088736008966
30.706940557067753
30.70498692504612
30.70384202219649
30.698957107615396
30.693730405013465
30.685628164667587
30.67646901931482
30.665444077286708
30.659833289245885
30.659833289245885
30.659632653348723
30.659378189285924
30.659378189285924
30.659260835432278
30.659086204714807
30.65859033077157
30.658525164118213
30.658359872862388
30.656862067408195
30.65678155301252
30.656779410304587
30.656751862259156
30.65662423084405
30.65662423084405
30.65662423084405
30.656406139075088
30.65446979655006
30.64950184149761
30.644222177021025
30.636330824558566
30.633830174636582
30.631578844152763
30.629496402674718
30.62936175573076
30.62526714756853
30.621945919776106
30.621945919776106
30.619333235723893
30.617189467893482
30.613689944875144
30.608739896836834
30.600300389866636
30.58955610237299
30.581389492240984
30.569601169758226
30.552568737561206
30.538188451572193
30.53104020293787
30.52163788906507
30.52026327348443
30.51932486192812
30.517284696708156
30.51726146825589
30.514883553509097
30.50964660462906
30.506618206332238
30.506618206332238
30.506406092024935
30.506212210637987
30.504636775391557
30.504564432364354
30.503993055235338
30.5038424193783
30.5038424193783
30.503701723859457
30.502963042120772
30.500766354022776
30.499320927900385
30.494899999743936
30.49418143669788
30.492988600792707
30.48695267806436
30.48335394135283
30.481805658577986
30.48124836382553
30.480918034047562
30.480465889481373
30.47992419718546
30.47681468339717
30.475077892638907
30.470367978222743
30.467104652295195
30.46393681081552
30.457617199949315
30.45074711299347
30.446223956327728
30.443163428547876
30.440018081735243
30.433484709665972
30.426626217001882
30.421913195823617
30.416740130630686
30.41353872339298
30.41224898446906
30.411583736369327
30.411583736369327
30.411583736369327
30.40940620802125
30.40940620802125
30.40921467603567
30.40921467603567
30.409202326561232
30.409022604071648
30.409022604071648
30.40758605561072
30.40758605561072
30.407219312242635
30.407219312242635
30.407064601782764
30.407064601782764
30.407057053874606
30.406817941026773
30.406724350913255
30.406006735250752
30.40568860965509
30.405175087143455
30.404801402963578
30.40426803552563
30.40396931782107
30.40361447925651
30.40361447925651
30.40329618943217
30.402882788878344
30.402645967701904
30.40230131242188
30.401956956630404
30.401538035090688
30.401189604681587
30.401189604681587
30.401139799423962
30.401139799423962
30.401139799423962
30.401049726803777
30.401049726803777
30.40104059713053
30.40094065713624
30.400887981855263
30.400874211866377
30.400803846597515
30.400803846597515
30.40073927651362
30.400730993187118
30.400618098804003
30.400578472352695
30.400578472352695
30.400578472352695
30.400578472352695
30.40043761731867
30.400052478754777
30.399876865064876
30.399735210622204
30.399657977450943
30.399526664272543
30.399526664272543
30.399427245869816
30.399316102991374
30.399150817306964
30.399063734108612
30.399063734108612
30.399063734108612
30.399055272183187
30.39901700755594
30.399012361034906
30.399012361034906
30.39900636380822
30.39900308615732
30.39894095424743
30.39885519785755
30.398751035939682
30.398679046222945
30.398534920268645
30.398386591534113
30.398198271791028
30.39808002609787
30.397875501835237
30.397806130368284
30.39753730259967
30.397354287831607
30.397132178605496
30.396626573179642
30.396030024623563
30.395173969076698
30.39448658221973
30.393624980408074
30.39308208668681
30.39134709975375
30.39117463853338
30.39033969455576
30.388376337031733
30.387757270933612
30.386989387977486
30.386405882047512
30.386115897722572
30.385921470782616
30.385705210934653
30.385319199966855
30.38465008324047
30.384226309830836
30.384226309830836
30.383684528277453
30.383336072819688
30.383279996288902
30.38309238244115
30.38092120480676
30.379026185264333
30.37869463867513
30.37869463867513
30.378362471837388
30.378071076084787
30.377943663059774
30.377932318150567
30.377849700829728
30.377849700829728
30.377827695183324
30.377771321530815
30.377771321530815
30.377771321530815
30.377767804321635
30.377767804321635
30.377767795642413
30.377762618136405
30.377756723121248
30.377609061718893
30.377588556090057
30.377588556090057
30.377554938153896
30.377514141989987
30.37748156183936
30.37748156183936
30.37748156183936
30.377322461732668
30.377243015979577
30.377153001505597
30.376894444946906
30.376674577669977
30.376209368413477
30.375608670123363
30.37523090780068
30.37344725814927
30.37308022980854
30.372058747881134
30.37154602610446
30.370562270499075
30.370562270499075
30.370552123228784
30.370526799317762
30.370236069654442
30.369963052945927
30.369734454589846
30.369617098583127
30.369430326931525
30.369430326931525
30.369430326931525
30.36942748874206
30.36942748874206
30.369426133998726
30.369422299379092
30.369422299379092
30.369422299379092
30.36941696919631
30.36941696919631
30.369416008131832
30.369410126702697
30.369410005848724
30.369410005848724
30.369410005848724
30.369410005848724
30.369408778744155
30.369406269608053
30.36940619001623
30.369404260934665
30.369404260934665
30.36940071320995
30.369394579094006
30.369394579094006
30.3693929274777
30.369388297172254
30.369386285325632
30.36938178182465
30.369377001076387
30.369371337054876
30.36936850469278
30.369367385344244
30.369367385344244
30.36936559478471
30.369359985453187
30.369355905443566
30.369350259330297
30.369345625899598
30.369336701119188
30.369333262026373
30.3693302256862
30.369324076377453
30.369323670373465
30.369316983137473
30.36931674290124
30.369314997602295
30.369314563396948
30.369312616983166
30.369311300969347
30.369309185494238
30.36930357977596
30.36930357977596
30.36930357977596
30.369303258664505
30.36930253760625
30.369301968314762
30.369301968314762
30.369301844749476
30.369301686679
30.369301265866408
30.369301265866408
30.369301148720137
30.369301033614907
30.36930088004571
30.369300451925803
30.369299911556016
30.3692997876182
30.3692993309897
30.369298727994625
30.3692981316727
30.369297827736446
30.36929749444701
30.36929749444701
30.36929749444701
30.36929740582579
30.369297335142125
30.36929727768178
30.369297264221334
30.36929693381882
30.369296681119657
30.369296456374556
30.36929628005109
30.36929609127622
30.369295956391607
30.369295866156822
30.36929522353878
30.369294463166707
30.369293560479125
30.36929236615646
30.369287106226167
30.36928517733522
30.369282835707487
30.369282103817433
30.369278695563192
30.36927469040493
30.369272019324583
30.369269692111708
30.369262687392798
30.36925486328861
30.369249867464347
30.369243518350395
30.36923833797367
30.369232916010397
30.369231904442692
30.36922943361899
30.369217867907494
30.369210322827517
30.369208934453248
30.369204926382903
30.36920120104922
30.369161940483913
30.36914588522952
30.369104711248234
30.369054534644643
30.368996115052244
30.3689667154831
30.368964036835095
30.36890608229622
30.36886462404807
30.368811834540672
30.36876180781544
30.368706757976465
30.368666284799527
30.368615433056476
30.368589430214993
30.368578748329657
30.368578748329657
30.36857594223743
30.36857263179023
30.368556627048257
30.36854705934163
30.368531936800753
30.36853145136398
30.368527704742043
30.368518977055494
30.36850487965594
30.368483369431885
30.36846140908245
30.368449469443558
30.368374250889453
30.36829440384226
30.36824268880932
30.368123206532836
30.368019629687502
30.36795718762485
30.367922414803513
30.367910247511723
30.367875069124466
30.36784483039092
30.367820418145868
30.367816705090874
30.367746170990802
30.36769044480423
30.36764233834518
30.36759404288063
30.36759404288063
30.367593949284263
30.367585414990597
30.367585414990597
30.36758070979312
30.367569226002217
30.36756849737879
30.36755763478216
30.36755698116641
30.367550629416776
30.367550629416776
30.367545767143838
30.367545767143838
30.367545071150296
30.367542716716013
30.367542716716013
30.367542095688073
30.36754118723514
30.367539455603684
30.367537192011376
30.367534931452347
30.367534182976115
30.36753359841506
30.367533361107803
30.367532902800022
30.367532902800022
30.3675306659858
30.367530597596446
30.36753025761712
30.36753025761712
30.367529009092667
30.36752824016394
30.36752673448194
30.36752673448194
30.367526511414745
30.367526511414745
30.367526484391725
30.36752639048269
30.367526380608194
30.367526380608194
30.367526291402978
30.367526291402978
30.367526132862455
30.367526066922682
30.36752600272501
30.36752600272501
30.367525978122675
30.367525978122675
30.367525978122675
30.36752597739708
30.367525832691292
30.36752576037849
30.36752575718981
30.36752575200432
30.367525559412602
30.36752555357762
30.36752550317817
30.367525451954716
30.367525392537896
30.367524846947525
30.36752449902843
30.36752405979569
30.367523461767092
30.3675227404807
30.367521477301203
30.36752032032349
30.367519092010085
30.367516825215482
30.367514968033802
30.367511168201858
30.36751001134265
30.36750882666924
30.367508648233276
30.367508581135528
30.367507067834286
30.367507067834286
30.367506082585958
30.36750556298411
30.367503078480155
30.367501296229108
30.36749914094746
30.36749523579518
30.36749192811801
30.36748913223935
30.367485352192972
30.367482241161127
30.3674797842635
30.367473228176554
30.367471466732688
30.367468327994846
30.36746467462334
30.36746019385665
30.367456498341667
30.367452528588906
30.367452528588906
30.367451852105333
30.36745117910304
30.36745117910304
30.367450128644027
30.36744994977592
30.36744994977592
30.367449700969694
30.367449451465287
30.367449451465287
30.367449401658757
30.367449389192274
30.367449389192274
30.36744935752632
30.367449338445848
30.36744918740411
30.36744915442994
30.367449110604337
30.367448970236413
30.367448963742902
30.36744894807186
30.36744860848897
30.36744822473504
30.367447897517394
30.367447121976358
30.367446296503598
30.36744563115702
30.367445089853515
30.367444145281194
30.367443311186133
30.367442088965912
30.367441374309912
30.36743897865567
30.367436098947906
30.36743439270227
30.367432537505316
30.367430847864714
30.367429071106727
30.36742784365673
30.367426812042
30.367425138491363
30.36742513518322
30.367424668628974
30.36742441565465
30.367424398471098
30.36742435714406
30.36742435422863
30.367424321785904
30.367424217816456
30.367424122364913
30.36742410243574
30.36742403950179
30.36742403950179
30.36742403950179
30.36742403950179
30.367424038688508
30.367424028713533
30.367423926384244
30.36742370870301
30.367423656257003
30.36742364663721
30.36742364663721
30.367423490051834
30.367423490051834
30.367423490051834
30.36742343356311
30.367423431789753
30.367423303701383
30.367423256513188
30.367423243640435
30.3674231539842
30.36742311355129
30.367422883117534
30.36742283280117
30.367422354480144
30.367422225412856
30.367421386605557
30.367420810267415
30.367419217221144
30.36741919485219
30.36741919485219
30.36741812575722
30.36741812575722
30.367417712861112
30.36741747053458
30.36741747053458
30.36741740428996
30.36741740428996
30.367417377315252
30.367417377315252
30.367417358638335
30.367417358638335
30.367417358638335
30.36741735029055
30.3674171921788
30.36741683022368
30.367416767371193
30.367416751378602
30.367416751378602
30.36741618343987
30.36741607767054
30.36741602807526
30.36741598350514
30.36741584133569
30.36741579389594
30.3674155042057
30.36741517952059
30.36741479651162
30.36741443037585
30.367414019950896
30.367413744416304
30.367413185163752
30.36741299715081
30.36741299715081
30.367412367824826
30.36741219533199
30.367412136401626
30.36741207260784
30.367412062216193
30.36741187817161
30.367411795340352
30.367411760519335
30.36741172566081
30.36741172566081
30.367411673276216
30.36741164000444
30.367411636176744
30.367411636176744
30.367411636176744
30.367411633071264
30.367411633071264
30.367411632183146
30.367411632183146
30.367411631729304
30.367411631729304
30.367411626565207
30.367411561253192
30.367411561253192
30.367411561253192
30.367411561253192
30.367411561253192
30.367411561253192
30.367411561253192
30.367411561253192
30.36741156039775
30.36741156039775
30.36741156039775
30.36741156026325
30.367411559561614
30.367411559224884
30.367411558858272
30.367411558858272
30.367411558858272
30.36741155619812
30.367411548911072
30.367411546957797
30.36741154183439
30.367411538698864
30.367411538698864
30.367411537694636
30.36741153748454
30.367411531984793
30.367411531984793
30.36741152929873
30.367411526165547
30.36741152252955
30.36741151873907
30.367411513618418
30.367411508863015
30.367411503959083
30.367411499867483
30.36741149474122
30.367411485897662
30.367411480317262
30.367411472270682
30.367411464591243
30.367411456873036
30.36741142255169
30.367411414148982
30.367411404362006
30.367411400368315
30.367411394226053
30.367411392350235
30.36741139136253
30.36741139136253
30.367411389692418
30.36741138960573
30.36741138857525
30.367411388207493
30.36741138528573
30.36741138505182
30.367411384851884
30.367411384851884
30.367411384851884
30.367411384851884
30.36741138368077
30.36741138194563
30.367411380819043
30.367411379437176
30.367411377728793
30.367411376346578
30.367411368077065
30.367411361923327
30.36741136000406
30.36741135945527
30.36741135654778
30.36741135654778
30.36741135582186
30.367411350339708
30.36741134940268
30.367411346252936
30.36741134240642
30.367411337682967
30.36741133574478
30.367411333729898
30.367411332349125
30.367411331280703
30.367411330097507
30.367411328525563
30.367411326696452
30.367411324552133
30.36741131596766
30.36741131028396
30.367411306855324
30.36741130161312
30.367411298842836
30.367411298604804
30.367411295845336
30.367411294266766
30.367411294266766
30.367411293732676
30.367411290775728
30.367411284024858
30.367411278088305
30.367411269414184
30.367411255435563
30.367411242642365
30.367411220285806
30.36741121049839
30.367411195169986
30.36741117404248
30.36741115090305
30.367411117334168
30.367411094310466
30.367411067762166
30.367411061506424
30.36741105595107
30.367411044522566
30.36741103265445
30.367411022948012
30.367411010903655
30.367410967692937
30.367410945888068
30.36741092989929
30.36741092985742
30.367410925540113
30.367410924935268
30.367410924550782
30.367410918366392
30.367410909960597
30.367410892021596
30.367410868554774
30.367410852292508
30.367410844124443
30.367410837060888
30.367410836621094
30.367410835740372
30.36741083528407
30.367410834675717
30.36741083400111
30.367410833052823
30.36741083231152
30.36741083149989
30.367410830871545
30.36741083069272
30.36741083069272
30.367410830133394
30.367410829621953
30.367410829621953
30.36741082951017
30.36741082951017
30.367410829380844
30.367410829247508
30.367410829233695
30.367410829233695
30.36741082916442
30.36741082885391
30.36741082885391
30.36741082885391
30.36741082885391
30.36741082879063
30.367410828604015
30.367410828536826
30.367410828463267
30.367410828402686
30.367410828402686
30.36741082837689
30.36741082830035
30.36741082830035
30.367410828264845
30.367410828247667
30.367410828247667
30.36741082821906
30.36741082821663
30.36741082806974
30.367410828012158
30.367410827848598
30.367410827771682
30.36741082756096
30.36741082725363
30.36741082725363
30.367410827190877
30.367410827190877
30.367410827190877
30.36741082714599
30.36741082714599
30.367410827027292
30.367410827005028
30.367410826904848
30.36741082652019
30.36741082625895
30.367410825956348
30.367410825767838
30.367410825570506
30.36741082553697
30.367410825367788
30.367410825275982
30.36741082518521
30.36741082513526
30.367410825001734
30.367410824982176
30.367410824868102
30.367410824868102
30.367410824778936
30.367410824751403
30.367410824751403
30.367410824731383
30.36741082454663
30.367410824489305
30.367410824344105
30.367410823960647
30.367410823853035
30.367410823767315
30.367410823419526
30.367410823308184
30.367410822985168
30.367410822534634
30.36741082219238
30.367410821638448
30.367410821007894
30.3674108197891
30.367410819123236
30.367410818479954
30.367410817742137
30.367410816746947
30.36741081513602
30.36741081288515
30.36741081288515
30.36741081268236
30.36741081268236
30.3674108123373
30.3674108123373
30.36741081229256
30.36741081229256
30.367410811938033
30.367410811841395
30.36741081152047
30.367410811393857
30.367410811393857
30.367410810982623
30.367410810335585
30.367410809956244
30.367410809956244
30.367410809956244
30.367410809956244
30.367410809956244
30.367410809956244
30.367410809856526
30.367410809856526
30.367410809611624
30.36741080945609
30.36741080945609
30.3674108092952
30.3674108092952
30.3674108092952
30.367410809266413
30.367410809215322
30.36741080918707
30.36741080911079
30.367410809010554
30.36741080896852
30.367410808936015
30.367410808699546
30.367410808619507
30.36741080819656
30.367410808108925
30.367410808108925
30.367410808036436
30.367410807789657
30.367410807779983
30.367410807779983
30.367410807528568
30.367410807528568
30.367410807451115
30.36741080739639
30.367410807124152
30.367410807090927
30.367410807013282
30.367410806950602
30.36741080681432
30.36741080681432
30.36741080681432
30.367410806808067
30.36741080676081
30.36741080676081
30.36741080675945
30.367410806747667
30.367410806741226
30.367410806741226
30.367410806725108
30.367410806719285
30.367410806702484
30.367410806702484
30.36741080667042
30.367410806658537
30.36741080664788
30.367410806622168
30.367410806590325
30.36741080657594
30.36741080657316
30.367410806541002
30.367410806541002
30.367410806518635
30.36741080651466
30.36741080647603
30.36741080645676
30.367410806442365
30.367410806442365
30.367410806433675
30.367410806430815
30.367410806430815
30.367410806430815
30.367410806430815
30.36741080642537
30.36741080642537
30.367410806425283
30.367410806425283
30.367410806423447
30.367410806423447
30.367410806423447
30.367410806422342
30.367410806422342
30.367410806422342
30.367410806421912
30.367410806421912
30.367410806421912
30.367410806421912
30.367410806421912
30.367410806421795
30.367410806421795
30.36741080642173
30.36741080642173
30.36741080642173
30.36741080642173
30.367410806421688
30.367410806421688
30.367410806421553
30.367410806421493
30.367410806421493
30.367410806421493
30.367410806421464
30.367410806421464
30.367410806421464
30.367410806421418
30.367410806421418
30.367410806421322
30.367410806421233
30.367410806421013
30.367410806421013
30.36741080642089
30.36741080642085
30.36741080642085
30.36741080642085
30.367410806420736
30.367410806420736
30.367410806420427
30.367410806420327
30.36741080642002
30.367410806419493
30.367410806419493
30.36741080641944
30.367410806419223
30.36741080641916
30.367410806419116
30.367410806419002
30.367410806418896
30.36741080641886
30.36741080641886
30.36741080641885
30.367410806418626
30.367410806417517
30.367410806416878
30.367410806415972
30.36741080641437
30.367410806412988
30.36741080640837
30.367410806403274
30.36741080640098
30.367410806396357
30.36741080639409
30.36741080639409
30.36741080639218
30.367410806390954
30.367410806390954
30.36741080639076
30.367410806390318
30.36741080639026
30.36741080639008
30.36741080638979
30.36741080638979
30.367410806389675
30.367410806389515
30.3674108063895
30.367410806389234
30.36741080638913
30.367410806388857
30.3674108063882
30.367410806387493
30.367410806387035
30.367410806386083
30.36741080638518
30.367410806384516
30.367410806384232
30.367410806384232
30.367410806384232
30.367410806384083
30.367410806383692
30.36741080638303
30.36741080638267
30.367410806382562
30.367410806382473
30.367410806382473
30.36741080638243
30.367410806382072
30.367410806381802
30.367410806381553
30.36741080638143
30.367410806381404
30.3674108063814
30.36741080638138
30.367410806381372
30.36741080638134
30.36741080638128
30.367410806381148
30.367410806380995
30.367410806380864
30.367410806380697
30.367410806380615
30.36741080638059
30.36741080638059
30.367410806380587
30.367410806380562
30.367410806380544
30.367410806380544
30.367410806380544
30.367410806380533
30.367410806380526
30.367410806380526
30.367410806380523
30.36741080638052
30.36741080638052
30.367410806380516
30.36741080638051
30.36741080638051
30.36741080638051
30.36741080638051
30.36741080638051
30.36741080638051
30.36741080638051
30.367410806380494
30.367410806380466
30.367410806380466
30.367410806380466
30.367410806380466
30.367410806380462
30.367410806380462
30.36741080638046
30.367410806380455
30.367410806380455
30.367410806380455
30.367410806380455
30.367410806380448
30.367410806380448
30.367410806380445
30.367410806380445
30.367410806380445
30.367410806380445
30.367410806380438
30.367410806380434
30.36741080638043
30.367410806380423
30.367410806380423
30.367410806380423
30.367410806380423
30.367410806380416
30.367410806380416
30.367410806380416
30.367410806380416
30.367410806380416
30.367410806380416
30.367410806380416
30.367410806380416
30.367410806380416
30.367410806380416
30.36741080638041
30.367410806380406
30.367410806380395
30.367410806380377
30.367410806380345
30.36741080638031
30.367410806380267
30.367410806380203
30.36741080638016
30.36741080638009
30.367410806379983
30.367410806379944
30.367410806379876
30.3674108063797
30.367410806379514
30.367410806379254
30.3674108063789
30.367410806378707
30.367410806378274
30.36741080637788
30.367410806377848
30.36741080637755
30.367410806377233
30.367410806377027
30.367410806376625
30.367410806376366
30.367410806376217
30.367410806375585
30.367410806375013
30.367410806374966
30.36741080637451
30.36741080637451
30.367410806374263
30.367410806374114
30.36741080637387
30.36741080637358
30.367410806373485
30.367410806373222
30.367410806373158
30.367410806371993
30.36741080636855
30.36741080636724
30.367410806365807
30.36741080636527
30.36741080636527
30.367410806365058
30.367410806365
30.367410806365
30.367410806364916
30.36741080636469
30.36741080636462
30.367410806364585
30.36741080636453
30.367410806364486
30.36741080636418
30.36741080636418
30.367410806363935
30.367410806363775
30.367410806363573
30.367410806363345
30.367410806363115
30.36741080636295
30.36741080636272
30.367410806362173
30.36741080636188
30.36741080636159
30.367410806361512
30.367410806361086
30.36741080636036
30.367410806359608
30.36741080635915
30.367410806358038
30.367410806356425
30.367410806354616
30.367410806352833
30.367410806350556
30.367410806347817
30.3674108063454
30.3674108063421
30.367410806339965
30.367410806337112
30.367410806336967
30.36741080633647
30.36741080633647
30.367410806336295
30.367410806336295
30.367410806336295
30.367410806336295
30.367410806336295
30.367410806336295
30.36741080633629
30.36741080633629
30.36741080633629
30.367410806336267
30.367410806336256
30.367410806336224
30.367410806335652
30.36741080633535
30.3674108063353
30.36741080633528
30.36741080633528
30.367410806335258
30.367410806335258
30.36741080633524
30.36741080633524
30.36741080633524
30.367410806335226
30.36741080633516
30.36741080633504
30.367410806334934
30.367410806334753
30.36741080633446
30.367410806334266
30.367410806334146
30.36741080633406
30.36741080633401
30.36741080633393
30.36741080633364
30.36741080633333
30.367410806333037
30.367410806332803
30.36741080633266
30.367410806332096
30.36741080633163
30.367410806331332
30.36741080633075
30.367410806330252
30.367410806330234
30.367410806329907
30.36741080632982
30.367410806329783
30.367410806329687
30.36741080632968
30.367410806329676
30.367410806329662
30.367410806329662
30.36741080632959
30.36741080632958
30.36741080632955
30.36741080632955
30.36741080632955
30.36741080632955
30.36741080632954
30.367410806329527
30.367410806329527
30.367410806329527
30.367410806329527
30.367410806329527
30.367410806329527
30.367410806329527
30.367410806329527
30.367410806329527
30.367410806329527
30.367410806329524
30.367410806329495
30.36741080632944
30.367410806329364
30.367410806329303
30.36741080632922
30.367410806329165
30.367410806329147
30.367410806329104
30.36741080632908
30.36741080632902
30.367410806328994
30.367410806328973
30.367410806328945
30.367410806328902
30.36741080632888
30.367410806328866
30.36741080632884
30.367410806328834
30.36741080632883
30.36741080632882
30.367410806328806
30.367410806328806
30.367410806328778
30.367410806328753
30.367410806328714
30.36741080632868
30.367410806328582
30.367410806328518
30.367410806328436
30.367410806328383
30.367410806328383
30.367410806328355
30.367410806328333
30.367410806328284
30.367410806328277
30.36741080632826
30.36741080632826
30.367410806328238
30.367410806328138
30.36741080632798
30.367410806327893
30.367410806327776
30.367410806327765
30.367410806327648
30.36741080632748
30.367410806327378
30.36741080632723
30.36741080632703
30.36741080632683
30.367410806326607
30.367410806326454
30.367410806326436
30.36741080632636
30.367410806326276
30.367410806326156
30.367410806326028
30.367410806325942
30.367410806325783
30.367410806325708
30.367410806325534
30.367410806325534
30.36741080632503
30.367410806324543
30.367410806324116
30.36741080632402
30.367410806323484
30.367410806322738
30.367410806322
30.367410806321764
30.367410806321587
30.367410806321566
30.367410806321324
30.367410806320926
30.367410806320603
30.36741080632026
30.367410806320095
30.36741080632009
30.367410806320017
30.367410806319977
30.367410806319977
30.367410806319977
30.367410806319977
30.367410806319977
30.367410806319963
30.367410806319963
30.367410806319928
30.367410806319878
30.367410806319878
30.36741080631987
30.3674108063198
30.367410806319775
30.367410806319683
30.36741080631968
30.36741080631968
30.367410806319565
30.367410806319537
30.3674108063195
30.367410806319473
30.367410806319366
30.367410806319207
30.367410806319004
30.367410806318738
30.367410806318567
30.367410806318418
30.36741080631827
30.367410806318034
30.367410806317892
30.367410806317498
30.36741080631722
30.367410806317164
30.367410806316805
30.367410806316542
30.367410806316478
30.367410806316382
30.367410806316137
30.367410806315977
30.367410806315885
30.36741080631583
30.36741080631583
30.367410806315824
30.367410806315792
30.367410806315306
30.367410806314922
30.367410806314677
30.367410806314123
30.36741080631403
30.367410806313487
30.367410806313018
30.367410806312186
30.36741080631149
30.367410806310897
30.36741080631028
30.367410806310044
30.367410806309515
30.367410806309103
30.367410806308946
30.367410806308577
30.367410806307962
30.36741080630769
30.367410806307124
30.367410806306435
30.367410806305845
30.36741080630558
30.367410806305177
30.367410806303717
30.36741080630293
30.36741080630176
30.367410806300654
30.367410806298622
30.367410806297514
30.367410806295723
30.367410806294036
30.367410806292018
30.36741080629036
30.367410806289623
30.367410806289623
30.367410806289623
30.367410806289595
30.367410806289563
30.36741080628956
30.36741080628947
30.367410806289392
30.367410806289392
30.367410806289392
30.367410806289392
30.367410806289385
30.367410806289385
30.367410806289378
30.367410806289378
30.367410806289378
30.367410806289378
30.367410806289367
30.367410806289367
30.367410806289364
30.36741080628934
30.36741080628929
30.36741080628925
30.367410806289175
30.367410806289126
30.367410806289104
30.367410806289083
30.367410806288937
30.367410806288902
30.367410806288902
30.367410806288817
30.367410806288788
30.36741080628873
30.36741080628863
30.367410806288614
30.367410806288614
30.3674108062886
30.367410806288518
30.367410806288518
30.367410806288476
30.367410806288458
30.36741080628844
30.36741080628844
30.367410806288433
30.36741080628843
30.367410806288415
30.36741080628841
30.367410806288397
30.367410806288394
30.367410806288394
30.36741080628839
30.36741080628839
30.36741080628839
30.36741080628839
30.36741080628839
30.36741080628839
30.36741080628839
30.36741080628839
30.36741080628839
30.36741080628839
30.36741080628839
30.367410806288387
30.367410806288376
30.367410806288376
30.36741080628836
30.367410806288355
30.367410806288355
30.36741080628834
30.36741080628833
30.367410806288326
30.367410806288326
30.367410806288323
30.367410806288316
30.367410806288316
30.367410806288312
30.367410806288312
30.36741080628831
30.36741080628831
30.36741080628831
30.36741080628831
30.36741080628831
30.3674108062883
30.367410806288294
30.367410806288287
30.367410806288266
30.36741080628825
30.36741080628824
30.367410806288227
30.36741080628821
30.36741080628819
30.36741080628814
30.367410806288095
30.367410806288042
30.367410806288014
30.36741080628797
30.367410806287943
30.367410806287868
30.367410806287833
30.367410806287786
30.367410806287776
30.367410806287666
30.367410806287637
30.367410806287637
30.367410806287637
30.367410806287634
30.36741080628763
30.36741080628762
30.367410806287605
30.367410806287605
30.367410806287605
30.367410806287598
30.367410806287598
30.367410806287594
30.367410806287594
30.367410806287584
30.367410806287584
30.367410806287584
30.367410806287584
30.367410806287584
30.36741080628758
30.36741080628758
30.36741080628758
30.36741080628758
30.367410806287577
30.367410806287577
30.367410806287577
30.367410806287573
30.367410806287566
30.36741080628756
30.36741080628756
30.36741080628756
30.36741080628756
30.367410806287555
30.367410806287552
30.36741080628755
30.36741080628755
30.367410806287545
30.36741080628754
30.36741080628754
30.36741080628754
30.36741080628754
30.36741080628754
30.36741080628754
30.36741080628754
30.36741080628754
30.36741080628754
30.36741080628754
30.367410806287534
30.367410806287534
30.367410806287534
30.367410806287534
30.367410806287534
30.367410806287534
30.367410806287534
30.367410806287534
30.367410806287534
30.367410806287534
30.367410806287534
30.367410806287534
30.367410806287534
30.367410806287534
30.367410806287534
30.367410806287534
30.367410806287534
30.36741080628753
30.36741080628753
30.36741080628752
30.367410806287516
30.3674108062875
30.367410806287484
30.367410806287456
30.367410806287435
30.367410806287413
30.36741080628738
30.367410806287317
30.367410806287264
30.36741080628723
30.367410806287182
30.367410806287168
30.367410806287165
30.36741080628715
30.367410806287147
30.367410806287147
30.367410806287143
30.367410806287136
30.367410806287126
30.36741080628712
30.36741080628712
30.36741080628712
30.36741080628712
30.36741080628712
30.36741080628712
30.36741080628712
30.36741080628712
30.36741080628711
30.36741080628711
30.36741080628711
30.36741080628711
30.36741080628711
30.367410806287108
30.367410806287104
30.3674108062871
30.367410806287086
30.36741080628708
30.367410806287065
30.36741080628704
30.36741080628702
30.36741080628698
30.367410806286923
30.367410806286784
30.367410806286603
30.36741080628636
30.367410806286045
30.367410806285704
30.367410806285235
30.367410806284777
30.367410806284603
30.367410806284493
30.36741080628428
30.367410806284067
30.367410806284013
30.367410806283974
30.36741080628393
30.367410806283846
30.36741080628383
30.36741080628379
30.367410806283782
30.36741080628374
30.367410806283576
30.36741080628338
30.36741080628312
30.367410806282805
30.367410806282457
30.367410806281935
30.367410806281526
30.367410806281175
30.36741080628082
30.367410806280567
30.367410806280056
30.36741080627957
30.367410806279114
30.36741080627873
30.36741080627814
30.367410806277473
30.367410806277032
30.36741080627618
30.367410806275153
30.367410806274734
30.367410806274457
30.36741080627435
30.36741080627419
30.367410806273934
30.367410806273778
30.36741080627372
30.36741080627366
30.367410806273522
30.367410806273522
30.367410806273515
30.367410806273465
30.367410806273465
30.367410806273416
30.367410806273384
30.36741080627335
30.367410806273334
30.367410806273334
30.367410806273288
30.36741080627324
30.36741080627321
30.36741080627321
30.367410806273195
30.367410806273163
30.367410806273146
30.367410806273146
30.367410806273146
30.367410806273146
30.367410806273146
30.367410806273146
30.367410806273146
30.367410806273146
30.367410806273146
30.367410806273142
30.367410806273128
30.367410806273128
30.367410806273128
30.367410806273128
30.367410806273124
30.367410806273124
30.36741080627312
30.367410806273114
30.367410806273103
30.367410806273067
30.367410806273035
30.367410806272996
30.367410806272943
30.36741080627288
30.36741080627283
30.367410806272687
30.367410806272588
30.367410806272385
30.367410806272133
30.36741080627186
30.3674108062716
30.367410806271266
30.367410806271128
30.367410806270772
30.36741080627035
30.36741080626992
30.367410806268698
30.367410806266584
30.36741080626507
30.367410806263162
30.36741080626124
30.367410806257556
30.36741080625395
30.367410806249595
30.36741080624411
30.367410806237114
30.36741080622805
30.367410806220388
30.36741080621256
30.367410806201836
30.367410806194677
30.367410806189305
30.36741080618777
30.367410806185568
30.36741080618514
30.367410806183738
30.36741080618366
30.367410806182317
30.36741080618168
30.367410806180526
30.36741080617972
30.367410806178718
30.367410806178192
30.367410806177908
30.367410806176757
30.36741080617657
30.367410806176277
30.367410806173265
30.36741080617185
30.367410806170213
30.36741080616621
30.3674108061649
30.367410806162347
30.367410806161516
30.36741080615953
30.367410806157583
30.367410806157583
30.367410806155753
30.367410806152808
30.367410806149792
30.36741080614537
30.367410806140047
30.367410806135343
30.367410806119292
30.367410806112037
30.36741080610463
30.367410806099482
30.36741080609611
30.36741080609375
30.36741080609063
30.367410806088234
30.3674108060873
30.367410806087243
30.367410806087243
30.36741080608681
30.36741080608647
30.36741080608647
30.36741080608647
30.36741080608645
30.36741080608637
30.36741080608637
30.367410806086344
30.36741080608619
30.36741080608619
30.367410806086053
30.367410806086045
30.367410806086017
30.367410806086017
30.367410806085736
30.367410806085605
30.367410806085594
30.367410806085434
30.367410806085278
30.367410806085147
30.36741080608499
30.36741080608498
30.36741080608495
30.367410806084887
30.36741080608488
30.36741080608488
30.36741080608488
30.36741080608484
30.367410806084834
30.367410806084834
30.367410806084834
30.367410806084834
30.367410806084823
30.36741080608481
30.367410806084795
30.3674108060847
30.367410806084614
30.36741080608458
30.367410806084575
30.36741080608447
30.36741080608447
30.367410806084465
30.367410806084457
30.36741080608445
30.36741080608445
30.36741080608445
30.36741080608445
30.36741080608445
30.36741080608438
30.367410806084305
30.367410806084244
30.367410806084134
30.36741080608407
30.367410806083985
30.367410806083914
30.367410806083836
30.367410806083694
30.367410806083694
30.367410806083658
30.367410806083587
30.367410806083452
30.3674108060833
30.36741080608306
30.367410806082873
30.367410806082596
30.36741080608219
30.36741080608158
30.36741080608057
30.36741080607967
30.36741080607818
30.367410806077057
30.367410806075874
30.367410806073497
30.367410806071735
30.36741080606978
30.367410806068317
30.367410806067234
30.36741080606632
30.36741080606582
30.36741080606557
30.3674108060625
30.36741080606167
30.367410806061063
30.36741080606099
30.367410806060875
30.36741080606014
30.36741080606014
30.367410806059436
30.36741080605943
30.367410806058306
30.36741080605667
30.36741080605557
30.36741080605454
30.367410806052703
30.367410806049463
30.367410806048053
30.367410806047243
30.367410806047083
30.367410806044145
30.36741080604105
30.367410806039498
30.367410806032733
30.36741080603059
30.367410806025582
30.367410806025582
30.367410806024377
30.36741080602189
30.367410806018686
30.367410806014313
30.367410806009683
30.367410806005278
30.36741080600179
30.367410805998308
30.367410805996215
30.367410805990666
30.36741080598756
30.36741080598685
30.36741080598599
30.367410805981827
30.36741080597691
30.367410805973382
30.367410805968607
30.36741080596499
30.36741080594945
30.367410805948925
30.36741080594668
30.36741080594668
30.36741080594668
30.367410805946342
30.367410805946015
30.367410805945326
30.367410805945227
30.367410805945187
30.367410805945187
30.36741080594513
30.367410805944942
30.367410805944942
30.367410805944942
30.36741080594447
30.367410805944374
30.367410805944374
30.367410805944374
30.367410805944374
30.367410805944033
30.367410805943962
30.36741080594393
30.36741080594379
30.36741080594379
30.36741080594379
30.367410805943667
30.367410805943543
30.367410805943305
30.3674108059432
30.367410805943077
30.367410805943013
30.367410805942914
30.367410805942814
30.367410805942814
30.36741080594275
30.3674108059426
30.367410805942374
30.367410805941894
30.367410805941798
30.36741080594159
30.36741080594159
30.367410805941415
30.36741080594133
30.36741080594127
30.367410805941258
30.36741080594125
30.36741080594125
30.367410805941184
30.36741080594115
30.36741080594092
30.367410805940892
30.367410805940892
30.367410805940825
30.367410805940825
30.36741080594072
30.367410805940715
30.36741080594062
30.36741080594044
30.367410805940313
30.367410805940246
30.367410805940064
30.367410805939986
30.367410805939986
30.36741080593994
30.367410805939837
30.36741080593974
30.367410805939656
30.36741080593957
30.36741080593947
30.367410805939418
30.367410805939347
30.367410805939297
30.367410805939297
30.367410805939187
30.3674108059391
30.367410805939066
30.367410805939027
30.367410805938952
30.36741080593892
30.36741080593892
30.367410805938917
30.3674108059389
30.36741080593889
30.36741080593889
30.36741080593889
30.36741080593889
30.36741080593889
30.36741080593889
30.36741080593889
30.367410805938885
30.367410805938885
30.367410805938885
30.367410805938885
30.367410805938885
30.367410805938885
30.367410805938885
30.367410805938885
30.367410805938885
30.367410805938885
30.367410805938885
30.367410805938885
30.367410805938885
30.367410805938885
30.367410805938885
30.367410805938885
30.367410805938885
30.367410805938885
30.367410805938885
30.36741080593888
30.36741080593888
30.36741080593888
30.36741080593888
30.36741080593888
30.36741080593888
30.36741080593888
30.36741080593888
30.36741080593888
30.36741080593888
30.36741080593888
30.36741080593888
30.36741080593888
30.36741080593888
30.36741080593888
30.36741080593888
30.36741080593888
30.36741080593888
30.36741080593888
30.36741080593888
30.36741080593887
30.367410805938853
30.36741080593882
30.36741080593878
30.367410805938732
30.367410805938647
30.36741080593853
30.367410805938405
30.367410805938285
30.36741080593822
30.367410805938185
30.367410805938167
30.36741080593815
30.36741080593815
30.367410805938125
30.367410805938093
30.367410805938075
30.36741080593802
30.367410805937975
30.367410805937926
30.367410805937848
30.367410805937787
30.36741080593773
30.367410805937666
30.367410805937617
30.367410805937613
30.367410805937613
30.36741080593761
30.367410805937507
30.367410805937443
30.367410805937443
30.36741080593744
30.36741080593742
30.36741080593742
30.367410805937386
30.367410805937375
30.36741080593734
30.367410805937332
30.36741080593731
30.367410805937293
30.36741080593719
30.36741080593717
30.367410805937073
30.36741080593697
30.36741080593687
30.36741080593676
30.367410805936718
30.367410805936444
30.36741080593632
30.36741080593622
30.367410805936053
30.367410805936
30.367410805936
30.367410805935997
30.367410805935997
30.367410805935997
30.367410805935997
30.367410805935993
30.367410805935993
30.367410805935986
30.367410805935986
30.367410805935986
30.367410805935986
30.367410805935986
30.367410805935986
30.36741080593597
30.367410805935965
30.36741080593595
30.367410805935922
30.367410805935904
30.36741080593589
30.367410805935865
30.36741080593584
30.367410805935837
30.36741080593582
30.367410805935798
30.367410805935776
30.367410805935716
30.367410805935624
30.36741080593559
30.367410805935403
30.367410805935286
30.3674108059352
30.3674108059351
30.36741080593503
30.367410805935027
30.367410805935002
30.367410805934973
30.367410805934952
30.36741080593495
30.367410805934945
30.367410805934924
30.367410805934917
30.367410805934917
30.36741080593488
30.367410805934846
30.367410805934846
30.367410805934846
30.367410805934842
30.36741080593484
30.367410805934828
30.367410805934828
30.367410805934828
30.367410805934828
30.367410805934824
30.367410805934824
30.367410805934824
30.367410805934824
30.367410805934824
30.367410805934824
30.367410805934824
30.367410805934824
30.367410805934824
30.367410805934824
30.367410805934824
30.367410805934824
30.367410805934824
30.367410805934824
30.367410805934824
30.367410805934824
30.367410805934824
30.36741080593482
30.367410805934817
30.367410805934806
30.3674108059348
30.367410805934778
30.367410805934764
30.367410805934725
30.367410805934675
30.36741080593461
30.367410805934536
30.367410805934494
30.36741080593446
30.367410805934394
30.367410805934362
30.367410805934362
30.367410805934323
30.367410805934313
30.36741080593422
30.36741080593413
30.36741080593408
30.367410805933964
30.367410805933865
30.3674108059337
30.367410805933407
30.367410805933314
30.367410805933275
30.367410805933204
30.367410805933204
30.367410805933147
30.367410805933048
30.367410805932874
30.367410805932593
30.367410805932543
30.367410805932302
30.36741080593208
30.36741080593165
30.367410805931176
30.36741080593058
30.367410805929808
30.367410805928976
30.367410805927875
30.367410805926877
30.36741080592515
30.36741080592349
30.367410805922265
30.367410805921843
30.367410805921786
30.36741080592174
30.36741080592174
30.367410805921693
30.367410805921693
30.36741080592156
30.367410805921278
30.367410805920887
30.367410805920578
30.36741080592028
30.367410805919963
30.36741080591992
30.36741080591976
30.36741080591973
30.367410805919704
30.367410805919704
30.367410805919654
30.367410805919654
30.367410805919654
30.36741080591962
30.367410805919608
30.367410805919608
30.367410805919594
30.36741080591959
30.36741080591946
30.367410805919384
30.3674108059192
30.367410805919125
30.367410805918826
30.367410805918723
30.36741080591862
30.36741080591829
30.367410805917967
30.36741080591764
30.3674108059174
30.367410805917032
30.367410805916467
30.367410805915966
30.367410805915224
30.367410805914744
30.367410805913316
30.36741080591305
30.36741080591276
30.36741080591276
30.36741080591276
30.36741080591186
30.367410805910076
30.367410805907067
30.36741080590601
30.36741080590601
30.367410805903113
30.367410805899677
30.367410805899272
30.367410805899272
30.367410805898754
30.3674108058985
30.36741080589837
30.367410805898338
30.367410805898306
30.367410805897986
30.367410805897986
30.367410805897926
30.367410805897585
30.367410805897443
30.367410805897045
30.36741080589663
30.36741080589652
30.367410805896505
30.3674108058963
30.367410805895634
30.367410805895297
30.36741080589524
30.367410805894764
30.36741080589444
30.367410805894263
30.36741080589416
30.367410805893904
30.367410805893897
30.36741080589373
30.36741080589373
30.36741080589373
30.36741080589373
30.36741080589373
30.36741080589366
30.36741080589364
30.36741080589358
30.36741080589344
30.36741080589335
30.36741080589322
30.367410805893105
30.367410805892895
30.367410805892657
30.367410805892543
30.367410805892447
30.367410805892444
30.367410805892444
30.367410805892444
30.367410805892433
30.367410805892426
30.367410805892426
30.3674108058924
30.3674108058924
30.3674108058924
30.36741080589239
30.36741080589238
30.367410805892376
30.367410805892376
30.367410805892376
30.367410805892366
30.367410805892362
30.36741080589236
30.36741080589235
30.36741080589235
30.36741080589235
30.367410805892348
30.367410805892348
30.367410805892344
30.367410805892344
30.36741080589234
30.36741080589234
30.36741080589234
30.36741080589234
30.36741080589234
30.36741080589234
30.367410805892327
30.367410805892327
30.367410805892327
30.367410805892327
30.367410805892327
30.367410805892327
30.367410805892327
30.367410805892327
30.367410805892327
30.367410805892327
30.367410805892327
30.367410805892327
30.367410805892327
30.367410805892327
30.367410805892327
30.367410805892327
30.367410805892327
30.367410805892327
30.367410805892323
30.367410805892316
30.367410805892316
30.36741080589231
30.36741080589231
30.36741080589228
30.367410805892245
30.367410805892224
30.36741080589221
30.3674108058922
30.36741080589219
30.367410805892185
30.367410805892163
30.36741080589213
30.36741080589212
30.367410805892078
30.36741080589202
30.36741080589202
30.367410805892007
30.367410805892003
30.367410805891993
30.367410805891993
30.36741080589199
30.36741080589199
30.367410805891975
30.367410805891975
30.367410805891964
30.367410805891964
30.367410805891964
30.367410805891964
30.367410805891964
30.367410805891964
30.367410805891964
30.367410805891964
30.367410805891964
30.367410805891964
30.367410805891964
30.367410805891964
30.367410805891964
30.367410805891964
30.367410805891964
30.36741080589196
30.36741080589196
30.36741080589196
30.36741080589196
30.36741080589196
30.36741080589196
30.36741080589196
30.36741080589196
30.36741080589196
30.36741080589196
30.36741080589196
30.36741080589196
30.367410805891957
30.367410805891954
30.367410805891932
30.367410805891907
30.367410805891886
30.367410805891858
30.367410805891833
30.36741080589181
30.367410805891797
30.367410805891765
30.367410805891744
30.367410805891712
30.367410805891684
30.36741080589164
30.367410805891588
30.367410805891584
30.367410805891573
30.367410805891552
30.367410805891527
30.367410805891517
30.367410805891517
30.367410805891502
30.367410805891502
30.367410805891502
30.367410805891502
30.367410805891502
30.367410805891502
30.367410805891502
30.367410805891502
30.3674108058915
30.36741080589147
30.36741080589145
30.36741080589142
30.36741080589141
30.367410805891378
30.367410805891357
30.367410805891357
30.36741080589134
30.367410805891293
30.367410805891293
30.36741080589129
30.36741080589125
30.367410805891193
30.367410805891144
30.367410805891044
30.367410805890955
30.367410805890838
30.367410805890668
30.367410805890373
30.367410805890042
30.367410805889875
30.3674108058898
30.367410805889733
30.36741080588964
30.367410805889573
30.36741080588942
30.367410805889367
30.367410805889282
30.367410805889246
30.36741080588923
30.3674108058892
30.36741080588918
30.36741080588918
30.36741080588918
30.36741080588918
30.367410805889175
30.36741080588916
30.367410805889158
30.367410805889158
30.367410805889158
30.367410805889158
30.367410805889154
30.36741080588914
30.367410805889136
30.36741080588912
30.36741080588911
30.367410805889104
30.3674108058891
30.367410805889094
30.367410805889076
30.367410805889048
30.367410805889033
30.367410805889012
30.367410805889005
30.367410805889005
30.367410805889005
30.367410805889005
30.367410805889005
30.367410805888998
30.367410805888998
30.367410805888994
30.367410805888984
30.367410805888984
30.367410805888984
30.367410805888984
30.367410805888984
30.367410805888984
30.36741080588898
30.36741080588898
30.36741080588897
30.367410805888962
30.36741080588895
30.36741080588895
30.36741080588894
30.36741080588894
30.36741080588894
30.36741080588894
30.367410805888934
30.367410805888934
30.36741080588893
30.367410805888927
30.367410805888927
30.367410805888905
30.36741080588888
30.36741080588887
30.367410805888813
30.3674108058888
30.367410805888746
30.367410805888703
30.36741080588869
30.367410805888685
30.367410805888667
30.367410805888667
30.367410805888667
30.367410805888664
30.367410805888657
30.367410805888646
30.367410805888646
30.367410805888646
30.367410805888646
30.367410805888646
30.367410805888642
30.367410805888642
30.36741080588864
30.36741080588863
30.367410805888618
30.367410805888618
30.367410805888603
30.36741080588859
30.367410805888568
30.36741080588855
30.36741080588852
30.367410805888486
30.367410805888454
30.367410805888433
30.367410805888408
30.36741080588839
30.367410805888372
30.36741080588837
30.367410805888365
30.367410805888355
30.367410805888337
30.367410805888316
30.3674108058883
30.367410805888287
30.367410805888277
30.367410805888277
30.367410805888277
30.367410805888277
30.367410805888277
30.36741080588815
30.367410805888007
30.36741080588794
30.367410805887786
30.367410805887662
30.36741080588758
30.367410805887545
30.367410805887545
30.36741080588753
30.367410805887523
30.367410805887523
30.367410805887523
30.367410805887523
30.36741080588752
30.36741080588752
30.36741080588752
30.367410805887516
30.367410805887502
30.367410805887502
30.3674108058875
30.367410805887488
30.367410805887484
30.367410805887477
30.367410805887474
30.36741080588746
30.367410805887452
30.367410805887452
30.36741080588745
30.367410805887427
30.367410805887403
30.36741080588737
30.367410805887335
30.36741080588731
30.367410805887296
30.36741080588729
30.36741080588727
30.36741080588726
30.367410805887253
30.367410805887253
30.367410805887253
30.367410805887253
30.367410805887253
30.367410805887253
30.367410805887253
30.367410805887253
30.367410805887253
30.367410805887253
30.36741080588725
30.36741080588725
30.36741080588725
30.367410805887246
30.36741080588724
30.367410805887218
30.367410805887197
30.367410805887165
30.367410805887108
30.367410805887058
30.367410805886994
30.3674108058868
30.367410805886625
30.367410805886358
30.36741080588611
30.3674108058858
30.36741080588541
30.367410805885065
30.367410805884802
30.367410805884717
30.367410805884646
30.367410805884585
30.36741080588456
30.36741080588448
30.367410805884454
30.367410805884262
30.3674108058842
30.367410805884184
30.367410805884173
30.36741080588416
30.367410805884088
30.36741080588392
30.367410805883832
30.367410805883498
30.36741080588311
30.367410805882674
30.367410805881732
30.367410805881146
30.36741080588091
30.367410805880322
30.36741080588029
30.367410805880247
30.367410805880247
30.36741080588023
30.36741080588023
30.36741080588023
30.367410805880223
30.36741080588022
30.36741080588021
30.36741080588021
30.36741080588021
30.36741080588021
30.36741080588021
30.36741080588021
30.367410805880194
30.36741080588017
30.36741080588016
30.367410805880155
30.367410805880155
30.367410805880155
30.36741080588015
30.36741080588015
30.367410805880148
30.367410805880148
30.36741080588014
30.367410805880134
30.36741080588013
30.367410805880127
30.367410805880116
30.367410805880112
30.367410805880112
30.36741080588011
30.36741080588011
30.36741080588011
30.367410805880098
30.367410805880095
30.367410805880084
30.367410805880084
30.367410805880084
30.367410805880084
30.367410805880084
30.367410805880084
30.367410805880084
30.367410805880084
30.367410805880084
30.367410805880084
30.36741080588008
30.36741080588008
30.367410805880077
30.367410805880077
30.367410805880077
30.367410805880077
30.367410805880077
30.367410805880077
30.367410805880077
30.36741080588007
30.36741080588007
30.36741080588007
30.36741080588007
30.36741080588007
30.36741080588007
30.36741080588007
30.36741080588007
30.36741080588007
30.36741080588007
30.36741080588007
30.36741080588007
30.36741080588007
30.36741080588007
30.36741080588007
30.367410805880066
30.367410805880066
30.367410805880066
30.367410805880066
30.367410805880066
30.367410805880066
30.367410805880066
30.367410805880066
30.367410805880066
30.367410805880066
30.367410805880066
30.367410805880066
30.367410805880066
30.367410805880066
30.367410805880066
30.367410805880066
30.367410805880066
30.367410805880063
30.367410805880052
30.367410805880034
30.367410805880024
30.36741080588001
30.36741080587996
30.367410805879917
30.367410805879853
30.367410805879775
30.36741080587966
30.36741080587957
30.367410805879388
30.367410805879224
30.367410805878958
30.367410805878652
30.367410805878325
30.367410805877924
30.3674108058775
30.36741080587683
30.36741080587593
30.36741080587507
30.367410805874353
30.36741080587372
30.36741080587331
30.36741080587243
30.367410805871817
30.367410805868733
30.36741080586709
30.367410805865017
30.367410805863276
30.367410805861088
30.36741080585888
30.367410805857897
30.36741080585735
30.367410805856686
30.367410805856686
30.36741080585663
30.36741080585663
30.367410805856505
30.367410805856217
30.36741080585599
30.367410805855485
30.36741080585528
30.367410805855094
30.367410805855062
30.367410805854902
30.36741080585488
30.36741080585488
30.36741080585483
30.36741080585483
30.367410805854792
30.367410805854593
30.36741080585446
30.367410805854337
30.36741080585418
30.3674108058539
30.367410805853666
30.36741080585347
30.36741080585305
30.367410805852472
30.36741080585192
30.36741080585159
30.36741080585159
30.36741080585156
30.36741080585133
30.367410805851303
30.3674108058511
30.36741080585087
30.367410805850785
30.36741080585053
30.367410805850298
30.36741080585
30.36741080584976
30.367410805849346
30.36741080584869
30.36741080584808
30.367410805847573
30.367410805846927
30.36741080584599
30.367410805845147
30.367410805844404
30.367410805844067
30.367410805843942
30.367410805843534
30.367410805843146
30.367410805842937
30.36741080584283
30.367410805841512
30.367410805840215
30.367410805838897
30.367410805837093
30.367410805835995
30.367410805835846
30.367410805835764
30.367410805835622
30.367410805835267
30.367410805835227
30.367410805835085
30.367410805835014
30.367410805834847
30.367410805834563
30.367410805834215
30.367410805833956
30.36741080583386
30.36741080583386
30.367410805833842
30.36741080583379
30.36741080583379
30.36741080583378
30.36741080583378
30.36741080583378
30.36741080583378
30.36741080583378
30.367410805833778
30.367410805833764
30.367410805833764
30.36741080583375
30.36741080583374
30.367410805833725
30.36741080583372
30.367410805833714
30.367410805833686
30.367410805833668
30.367410805833654
30.367410805833643
30.367410805833636
30.367410805833607
30.367410805833572
30.36741080583355
30.367410805833508
30.367410805833416
30.36741080583337
30.36741080583337
30.367410805833362
30.367410805833334
30.36741080583333
30.367410805833305
30.367410805833305
30.367410805833295
30.367410805833277
30.367410805833277
30.36741080583327
30.367410805833263
30.36741080583325
30.36741080583325
30.36741080583323
30.367410805833227
30.367410805833227
30.367410805833217
30.367410805833217
30.367410805833217
30.367410805833213
30.36741080583321
30.367410805833206
30.367410805833202
30.367410805833202
30.3674108058332
30.3674108058332
30.36741080583319
30.36741080583319
30.367410805833185
30.367410805833185
30.367410805833185
30.367410805833185
30.367410805833185
30.367410805833185
30.367410805833185
30.367410805833185
30.367410805833185
30.36741080583318
30.36741080583318
30.367410805833174
30.367410805833174
30.367410805833174
30.36741080583317
30.367410805833163
30.367410805833156
30.36741080583315
30.36741080583314
30.367410805833124
30.367410805833114
30.367410805833092
30.367410805833057
30.367410805833007
30.367410805832957
30.36741080583288
30.36741080583276
30.367410805832552
30.367410805832364
30.367410805832204
30.367410805832098
30.367410805831838
30.36741080583164
30.36741080583149
30.367410805831373
30.367410805831224
30.3674108058311
30.36741080583091
30.367410805830797
30.367410805830552
30.36741080583035
30.36741080583011
30.367410805829735
30.367410805829532
30.367410805829124
30.367410805828687
30.367410805828314
30.367410805828143
30.367410805828108
30.367410805827994
30.367410805827564
30.367410805827422
30.367410805827276
30.367410805827234
30.36741080582714
30.367410805827113
30.367410805827074
30.367410805827042
30.367410805827014
30.36741080582687
30.36741080582677
30.36741080582675
30.367410805826736
30.3674108058265
30.367410805826296
30.367410805826108
30.367410805826076
30.367410805825944
30.367410805825802
30.367410805825642
30.367410805825564
30.36741080582545
30.36741080582535
30.367410805825333
30.36741080582533
30.36741080582532
30.36741080582528
30.36741080582528
30.367410805825255
30.367410805825248
30.367410805825248
30.367410805825244
30.367410805825244
30.367410805825237
30.367410805825237
30.367410805825237
30.367410805825237
30.367410805825237
30.367410805825234
30.367410805825234
30.367410805825234
30.367410805825234
30.367410805825234
30.367410805825227
30.367410805825227
30.367410805825227
30.367410805825227
30.367410805825227
30.367410805825227
30.367410805825227
30.367410805825227
30.367410805825227
30.367410805825223
30.367410805825223
30.367410805825223
30.367410805825223
30.367410805825223
30.367410805825223
30.367410805825223
30.367410805825223
30.367410805825223
30.367410805825223
30.36741080582522
30.36741080582521
30.3674108058252
30.36741080582518
30.36741080582516
30.367410805825145
30.367410805825113
30.3674108058251
30.36741080582507
30.367410805824974
30.367410805824882
30.367410805824765
30.367410805824672
30.367410805824562
30.367410805824296
30.367410805824044
30.36741080582377
30.367410805823482
30.367410805822974
30.367410805822487
30.367410805821606
30.36741080582083
30.367410805819706
30.36741080581833
30.367410805816945
30.367410805815364
30.36741080581412
30.367410805813513
30.367410805812888
30.367410805812092
30.36741080581144
30.367410805810607
30.36741080581006
30.367410805809243
30.3674108058088
30.367410805808323
30.367410805808134
30.36741080580808
30.367410805808028
30.367410805808028
30.367410805808
30.367410805807967
30.367410805807953
30.367410805807914
30.367410805807825
30.367410805807705
30.36741080580767
30.367410805807587
30.367410805807506
30.36741080580734
30.36741080580723
30.36741080580717
30.367410805807015
30.367410805807005
30.367410805807005
30.367410805806983
30.367410805806983
30.367410805806983
30.367410805806983
30.367410805806983
30.367410805806973
30.367410805806944
30.367410805806866
30.36741080580682
30.367410805806752
30.36741080580643
30.367410805806013
30.367410805805484
30.367410805804845
30.367410805804035
30.36741080580283
30.367410805801715
30.36741080580046
30.367410805794826
30.367410805792634
30.367410805789902
30.367410805789525
30.367410805789515
30.36741080578666
30.367410805785585
30.36741080578522
30.367410805783845
30.367410805782335
30.367410805782335
30.367410805781923
30.367410805781613
30.367410805781585
30.36741080578149
30.36741080578149
30.36741080578149
30.36741080578149
30.367410805781443
30.367410805781436
30.367410805781425
30.367410805781212
30.367410805781212
30.367410805781212
30.367410805781212
30.367410805781212
30.367410805781212
30.367410805781212
30.367410805781212
30.367410805781212
30.367410805781212
30.367410805781212
30.367410805781212
30.367410805781212
30.367410805781205
30.367410805781198
30.367410805781194
30.367410805781194
30.367410805781194
30.367410805781194
30.367410805781187
30.367410805781187
30.367410805781187
30.367410805781187
30.36741080578118
30.36741080578118
30.36741080578118
30.36741080578118
30.36741080578118
30.36741080578118
30.36741080578118
30.36741080578118
30.36741080578118
30.36741080578118
30.36741080578118
30.367410805781176
30.367410805781176
30.367410805781176
30.367410805781176
30.367410805781176
30.367410805781173
30.367410805781162
30.367410805781162
30.367410805781162
30.367410805781162
30.367410805781162
30.367410805781162
30.367410805781162
30.367410805781162
30.367410805781162
30.367410805781162
30.367410805781162
30.367410805781162
30.36741080578116
30.367410805781155
30.36741080578115
30.36741080578114
30.36741080578113
30.367410805781127
30.36741080578112
30.3674108057811
30.36741080578108
30.367410805781066
30.36741080578103
30.367410805781017
30.36741080578101
30.36741080578097
30.367410805780963
30.36741080578096
30.36741080578095
30.367410805780946
30.367410805780946
30.36741080578094
30.367410805780935
30.367410805780928
30.367410805780917
30.36741080578082
30.36741080578078
30.36741080578073
30.367410805780658
30.3674108057805
30.367410805780302
30.367410805780132
30.367410805779983
30.36741080577964
30.3674108057793
30.367410805778835
30.36741080577831
30.36741080577738
30.367410805776363
30.36741080577578
30.367410805775343
30.367410805775325
30.367410805775116
30.36741080577477
30.36741080577433
30.367410805773872
30.36741080577331
30.367410805772586
30.367410805771677
30.367410805770426
30.36741080576976
30.367410805768777
30.367410805767367
30.36741080576666
30.36741080576433
30.36741080576232
30.36741080575664
30.36741080575262
30.367410805749326
30.367410805737933
30.36741080572729
30.36741080572193
30.36741080571661
30.36741080570586
30.36741080570263
30.367410805698228
30.36741080569328
30.367410805690717
30.367410805687637
30.367410805685374
30.36741080568088
30.367410805674307
30.367410805670257
30.367410805665124
30.36741080566044
30.367410805657585
30.36741080565378
30.36741080565378
30.367410805651637
30.36741080564842
30.36741080564104
30.367410805633735
30.367410805625237
30.367410805622924
30.367410805622573
30.367410805620768
30.36741080561707
30.367410805613826
30.367410805611783
30.36741080560976
30.367410805608547
30.367410805607356
30.36741080560679
30.36741080560679
30.36741080560676
30.36741080560669
30.36741080560669
30.367410805606603
30.367410805606518
30.367410805606507
30.367410805606497
30.36741080560648
30.367410805606465
30.367410805606465
30.36741080560635
30.36741080560635
30.36741080560635
30.367410805606347
30.36741080560634
30.367410805606337
30.367410805606323
30.367410805606323
30.367410805606323
30.367410805606312
30.367410805606312
30.367410805606312
30.36741080560631
30.367410805606305
30.367410805606305
30.367410805606305
30.367410805606305
30.3674108056063
30.367410805606298
30.367410805606298
30.367410805606298
30.367410805606298
30.367410805606298
30.367410805606298
30.36741080560629
30.36741080560628
30.36741080560628
30.36741080560628
30.36741080560628
30.367410805606276
30.367410805606276
30.367410805606276
30.367410805606276
30.367410805606276
30.367410805606276
30.367410805606276
30.367410805606276
30.367410805606276
30.367410805606276
30.367410805606276
30.367410805606276
30.367410805606276
30.36741080560627
30.36741080560627
30.36741080560627
30.36741080560627
30.367410805606262
30.367410805606255
30.367410805606248
30.367410805606248
30.367410805606248
30.367410805606248
30.367410805606248
30.367410805606248
30.367410805606248
30.367410805606244
30.367410805606237
30.367410805606237
30.367410805606237
30.367410805606237
30.367410805606237
30.367410805606237
30.36741080560623
30.36741080560622
30.36741080560622
30.367410805606216
30.36741080560621
30.367410805606198
30.367410805606177
30.36741080560615
30.367410805606113
30.367410805606074
30.367410805606003
30.367410805605957
30.36741080560588
30.367410805605843
30.367410805605804
30.367410805605775
30.367410805605704
30.36741080560561
30.367410805605523
30.367410805605502
30.367410805605463
30.367410805605463
30.36741080560545
30.36741080560543
30.36741080560543
30.36741080560542
30.36741080560542
30.36741080560542
30.36741080560542
30.36741080560542
30.36741080560542
30.367410805605417
30.367410805605413
30.367410805605413
30.367410805605413
30.367410805605413
30.367410805605413
30.367410805605413
30.36741080560541
30.367410805605395
30.367410805605378
30.36741080560536
30.367410805605346
30.367410805605328
30.3674108056053
30.367410805605267
30.3674108056052
30.36741080560511
30.367410805605033
30.367410805604955
30.367410805604884
30.367410805604784
30.3674108056047
30.367410805604546
30.367410805604475
30.367410805604347
30.367410805604205
30.36741080560404
30.367410805603765
30.367410805603434
30.367410805603093
30.36741080560238
30.367410805601182
30.367410805600294
30.367410805599622
30.367410805597956
30.36741080559616
30.3674108055936
30.36741080559033
30.367410805586978
30.36741080558541
30.36741080558363
30.36741080558363
30.36741080558363
30.36741080558363
30.367410805583525
30.367410805583525
30.367410805583486
30.367410805583408
30.367410805583358
30.367410805583106
30.367410805583106
30.367410805583106
30.367410805583066
30.36741080558296
30.36741080558274
30.36741080558225
30.367410805582033
30.367410805581642
30.36741080558126
30.36741080558089
30.367410805580686
30.367410805580576
30.367410805580448
30.36741080558036
30.36741080558021
30.36741080558018
30.367410805580118
30.367410805579972
30.36741080557983
30.36741080557983
30.367410805579762
30.36741080557971
30.367410805579695
30.36741080557967
30.367410805579624
30.367410805579514
30.3674108055793
30.367410805579212
30.367410805579212
30.367410805579183
30.367410805579183
30.367410805579183
30.367410805579183
30.367410805579183
30.367410805579183
30.367410805579183
30.367410805579183
30.367410805579183
30.367410805579183
30.367410805579183
30.367410805579183
30.367410805579183
30.367410805579183
30.367410805579183
30.367410805579183
30.367410805579183
30.367410805579183
30.36741080557918
30.36741080557918
30.36741080557918
30.36741080557918
30.36741080557918
30.36741080557918
30.36741080557918
30.36741080557918
30.36741080557918
30.36741080557918
30.36741080557918
30.36741080557918
30.36741080557918
30.36741080557918
30.367410805579173
30.367410805579166
30.367410805579166
30.367410805579134
30.367410805579105
30.367410805579066
30.367410805578956
30.367410805578743
30.367410805578565
30.367410805578455
30.3674108055784
30.36741080557785
30.36741080557742
30.367410805576853
30.367410805575943
30.36741080557535
30.36741080557496
30.36741080557441
30.36741080557423
30.36741080557376
30.36741080557348
30.367410805572025
30.367410805571353
30.367410805570458
30.367410805569612
30.367410805569097
30.367410805569097
30.367410805568678
30.367410805568543
30.367410805568053
30.367410805567168
30.367410805566355
30.367410805565456
30.367410805564955
30.367410805564955
30.367410805564322
30.367410805563825
30.367410805563434
30.367410805562322
30.367410805561267
30.367410805560407
30.367410805560034
30.367410805559683
30.367410805559466
30.367410805559466
30.367410805559416
30.367410805559416
30.367410805559356
30.367410805559256
30.367410805559196
30.36741080555918
30.367410805559068
30.367410805559068
30.367410805559068
30.367410805559068
30.367410805559043
30.367410805559043
30.367410805559004
30.367410805558777
30.367410805558535
30.367410805558443
30.367410805558258
30.367410805558183
30.367410805558034
30.36741080555755
30.367410805557228
30.3674108055572
30.367410805557064
30.367410805556563
30.36741080555642
30.36741080555641
30.36741080555627
30.36741080555604
30.367410805555828
30.367410805555608
30.367410805554734
30.36741080555356
30.367410805552705
30.367410805550914
30.367410805549532
30.36741080554851
30.367410805546967
30.36741080554634
30.36741080554569
30.367410805544697
30.367410805544647
30.36741080554168
30.36741080554073
30.36741080553962
30.367410805538864
30.367410805536583
30.367410805536476
30.367410805535872
30.36741080553448
30.367410805532014
30.367410805530014
30.367410805526323
30.367410805523335
30.36741080551384
30.367410805506914
30.36741080548956
30.367410805472613
30.36741080546704
30.367410805448564
30.367410805448564
30.36741080544074
30.36741080542327
30.367410805395107
30.367410805334437
30.36741080526421
30.36741080520283
30.367410805131293
30.36741080503989
30.36741080490103
30.367410804809943
30.36741080460492
30.36741080446583
30.367410804379794
30.3674108043056
30.367410804251097
30.367410804204198
30.367410804149216
30.367410804135453
30.367410804036524
30.367410803915185
30.36741080379946
30.367410803698945
30.36741080338452
30.367410803032207
30.36741080263032
30.367410802142633
30.367410801489193
30.367410800870214
30.367410800209203
30.367410799620334
30.367410799009065
30.367410798192036
30.367410797556758
30.367410797063275
30.367410796773935
30.367410796529928
30.36741079637703
30.3674107962832
30.367410796136518
30.367410795912207
30.367410795734934
30.367410795440275
30.36741079470592
30.367410794342952
30.367410794236488
30.36741079419847
30.36741079405273
30.36741079375013
30.36741079329273
30.36741079302511
30.367410792867105
30.367410792234487
30.36741079172298
30.367410791690062
30.367410791123557
30.367410791033205
30.367410790916576
30.367410790916576
30.367410790916576
30.367410790916576
30.367410790850904
30.367410790727774
30.36741079065756
30.36741079065756
30.367410790540223
30.367410790529956
30.367410790341147
30.367410790223957
30.36741078993518
30.36741078980622
30.36741078975002
30.367410789700926
30.36741078966062
30.367410789625364
30.367410789594267
30.367410789580344
30.367410789580344
30.367410789565636
30.367410789558175
30.367410789501346
30.3674107894585
30.367410789422816
30.36741078940654
30.367410789318967
30.367410789318967
30.367410789287064
30.367410789285096
30.36741078919609
30.3674107890341
30.367410788988593
30.367410788818805
30.367410788610727
30.367410788501015
30.36741078815055
30.36741078797607
30.367410787623413
30.367410787191453
30.367410786931156
30.36741078624203
30.36741078569848
30.36741078488497
30.367410783973586
30.367410782511573
30.367410780918092
30.36741077849979
30.36741077596649
30.367410772206945
30.367410769610515
30.367410765220722
30.367410759059467
30.36741075179803
30.36741074111065
30.367410726913697
30.367410707218657
30.36741068437294
30.36741065492562
30.36741061344391
30.36741056626717
30.3674105171299
30.367410462298356
30.367410411573932
30.36741036434095
30.3674103307781
30.36741027442251
30.36741022405591
30.36741015467494
30.367410113211815
30.367410039492942
30.36740993242012
30.367409781181305
30.36740968571136
30.367409581029946
30.367409497053334
30.367409402435786
30.367409351672393
30.367409351672393
30.367409307416743
30.36740923695452
30.36740919749107
30.36740915121157
30.367409091838688
30.3674089972321
30.367408876066136
30.367408796877132
30.367408680586387
30.367408563626046
30.36740834217353
30.367408101441153
30.367407832951532
30.367407630716134
30.36740726492516
30.36740653876088
30.367405786070947
30.367404956099204
30.36740379049148
30.367402706653397
30.367401377567376
30.36740097822035
30.3674008806061
30.367400595617827
30.367400489162176
30.3674003987391
30.36740039096892
30.367400127839655
30.367400057822124
30.367399989875704
30.367399936573197
30.36739922326131
30.36739872233944
30.36739787067079
30.367396936464072
30.367396381636233
30.367395826624296
30.367395014389796
30.367394571260583
30.367393980537805
30.367393196469067
30.36739202678439
30.367391166162093
30.367391093568813
30.367391067267974
30.3673909706036
30.367390949849664
30.367390930369442
30.367390930369442
30.367390930369442
30.367390929032947
30.367390896453422
30.36739088361311
30.367390875536707
30.36739086741668
30.36739086741668
30.36739086605903
30.36739085535326
30.36739085535326
30.367390847541632
30.36739083926629
30.36739081029221
30.36739080409105
30.367390786523874
30.367390767561734
30.367390752428264
30.36739074461712
30.367390736800992
30.36739072531011
30.367390723187924
30.367390709263557
30.367390699478474
30.367390675632222
30.36739060134527
30.367390600999652
30.367390555789328
30.36739053407903
30.367390475632494
30.367390434204218
30.36739038208804
30.367390355617527
30.367390323348435
30.367390308281454
30.36739028599479
30.36739028599479
30.367390275466157
30.367390275466157
30.36739026135187
30.367390244019553
30.367390209640174
30.367390185491317
30.367390183878985
30.36739017363093
30.367390151899382
30.36739013341398
30.367390088891604
30.367390088891604
30.367390088891604
30.367390088891604
30.367390088891604
30.367390088891604
30.36739008399352
30.3673900704931
30.367390063763008
30.36739004919488
30.36739004147172
30.36739003896907
30.36739002628807
30.367389988651404
30.367389957858606
30.367389888548946
30.36738987332303
30.367389825536915
30.367389699613177
30.367389539249714
30.367389343216793
30.367389149879582
30.3673890029949
30.367388720320694
30.36738854382063
30.367388313651034
30.367387931659025
30.367387396551425
30.367387162425022
30.36738628429189
30.367386099167067
30.36738574313158
30.36738574313158
30.367385656378577
30.36738549283757
30.367385432172
30.367385408204182
30.367385127911135
30.367385107608744
30.367384485295695
30.36738344335171
30.36738269303878
30.36738116631183
30.367380234143745
30.367379241575847
30.367378445235207
30.36737659788755
30.36737395875839
30.367371362955105
30.367368438225295
30.367366361808287
30.367361882155958
30.367357292054063
30.367353366275577
30.36734793625594
30.36734582377174
30.36734198090398
30.367338258856613
30.36733779997275
30.367337076017506
30.3673362895232
30.3673362895232
30.367336196646814
30.367336196646814
30.36733568552413
30.36733549350636
30.367334608198952
30.367333334317955
30.367331680302062
30.3673272772128
30.367323363994192
30.367316309733205
30.367305772284052
30.36729310187865
30.367278804910207
30.367258795901968
30.367237595623283
30.367207194207495
30.367160584950373
30.36712368656269
30.367109331929797
30.36709892915669
30.36709474758027
30.367090399101166
30.367086884964156
30.367086550711424
30.367083782297637
30.367081633367484
30.36707614848091
30.367072782736
30.367067608739063
30.367063220716595
30.367054815912546
30.367049828172973
30.36703300472923
30.36702721971848
30.367017277857034
30.36699806389237
30.36694951095843
30.36689249706385
30.366814240630042
30.366702640063927
30.36665351923934
30.36656875576281
30.36647842448442
30.366421442416907
30.366421442416907
30.366418076933886
30.36639182550053
30.36639182550053
30.36637980827573
30.36637980827573
30.36635846653919
30.366350981716533
30.366335274500887
30.366314448431638
30.366311758898163
30.36628868615357
30.366283027138234
30.366268246893338
30.366258341284283
30.366236034731344
30.366219662095208
30.36621902723892
30.36621902723892
30.36621820545279
30.366213903094007
30.366213150781654
30.366213150781654
30.366213150781654
30.366213052967986
30.366212040538137
30.366210357889564
30.366210357889564
30.366210357889564
30.366209230042283
30.366200329733
30.36618802579365
30.366177902904607
30.36617291327956
30.36615632856902
30.366140743005108
30.366132526600484
30.366120560888618
30.366109277036294
30.366093328783197
30.366071920991327
30.366053003963476
30.36604283843539
30.36598049503508
30.365938608700045
30.365880701042443
30.365837672354594
30.365814215455803
30.36580755238074
30.365779328843093
30.36575227797093
30.36572827579808
30.36570769885832
30.365685489525323
30.365650655586286
30.365589003910465
30.365542389930617
30.36543189468627
30.36529960490607
30.365172014054068
30.364990039968433
30.364830298065904
30.364641955781778
30.364473216821764
30.36428994719282
30.364079456860566
30.363842214090138
30.363665009152605
30.36364679179777
30.36347090281055
30.36345974730082
30.36345974730082
30.363458911675753
30.36344922010852
30.363425888178533
30.36342021988072
30.363402962482617
30.363401853905497
30.36339608207235
30.36336525148234
30.363354172581694
30.363349053134982
30.363348333248236
30.363320181852167
30.363308149030313
30.363308149030313
30.363308149030313
30.363308149030313
30.363305141754008
30.363299592249675
30.363287571548195
30.36327980196949
30.36326415482216
30.363256088370395
30.363252376091136
30.36324949648572
30.36324644634619
30.363244011616676
30.363244011616676
30.363244011616676
30.363229594159854
30.36322236438509
30.36322236438509
30.363222157852608
30.363218877048475
30.363217564049837
30.363217373749514
30.3632172718762
30.3632172718762
30.363217100253255
30.363216193804103
30.363214730345042
30.363212246517204
30.363212246517204
30.363209966753804
30.363208247173436
30.36320773136106
30.36320773136106
30.363207708097722
30.36320769805122
30.36320769805122
30.36320769805122
30.363207646811773
30.363207646811773
30.363207646811773
30.363207646811773
30.363207646811773
30.36320752870645
30.36320747298167
30.363207380690497
30.36320719787441
30.36320719787441
30.363207158847196
30.363207158847196
30.363207158847196
30.363207158847196
30.363207158847196
30.363207158847196
30.363207158847196
30.363207116127448
30.363207108959582
30.363207108959582
30.363207108959582
30.363207108959582
30.363207108959582
30.363207103963255
30.36320710277377
30.36320710277377
30.36320691050545
30.36320681710225
30.36320681710225
30.36320681710225
30.363206779303095
30.363206740619642
30.36320668588593
30.36320661105332
30.3632065836705
30.3632064937218
30.36320646806046
30.36320642967324
30.363206413333046
30.36320636953815
30.363206291401713
30.36320618133693
30.363206092390104
30.363206039472352
30.36320599857978
30.363205946734997
30.363205940170165
30.36320593418093
30.363205904345076
30.36320587697671
30.363205854037055
30.363205851686548
30.363205851686548
30.36320584308112
30.36320583437352
30.36320583437352
30.36320583437352
30.36320583437352
30.36320583176155
30.363205829373623
30.363205829373623
30.363205828646834
30.363205828646834
30.363205828646834
30.363205828646834
30.363205828646834
30.363205827712846
30.363205827712846
30.363205827712846
30.363205827712846
30.363205827712846
30.363205827278353
30.36320582722866
30.36320582722866
30.363205827168784
30.3632058268858
30.36320582657547
30.363205824490972
30.363205823611914
30.36320582191083
30.36320582067778
30.36320581844527
30.363205817725348
30.36320581681991
30.363205815629634
30.363205815629634
30.363205814220304
30.363205814220304
30.36320581378357
30.363205813514377
30.363205813514377
30.363205813506973
30.363205813506973
30.363205813320885
30.363205813320885
30.363205813237858
30.363205813237858
30.363205813208488
30.363205813208488
30.363205813208488
30.363205813208488
30.363205813208488
30.36320581315373
30.363205813152973
30.363205813152973
30.3632058130224
30.363205812998523
30.363205812916075
30.36320581290217
30.363205812893284
30.36320581288751
30.363205812861107
30.36320581281061
30.363205812789506
30.363205812789506
30.363205812789506
30.363205812789506
30.363205812789506
30.363205812785644
30.36320581278497
30.36320581278497
30.363205812781935
30.363205812781935
30.363205812780873
30.363205812780873
30.363205812780873
30.36320581278023
30.36320581278023
30.36320581278023
30.36320581278023
30.363205812779693
30.363205812778762
30.363205812778762
30.36320581277839
30.363205812778144
30.36320581277772
30.36320581277772
30.363205812777604
30.36320581277758
30.36320581277733
30.363205812777053
30.363205812776844
30.363205812776823
30.363205812776798
30.36320581277664
30.363205812776638
30.363205812776418
30.363205812776258
30.363205812776084
30.363205812775963
30.36320581277574
30.36320581277562
30.36320581277535
30.36320581277535
30.36320581277535
30.36320581277535
30.36320581277535
30.36320581277535
30.363205812775103
30.363205812774968
30.363205812774808
30.36320581277475
30.363205812774513
30.363205812774346
30.3632058127742
30.36320581277408
30.36320581277382
30.36320581277382
30.36320581277351
30.363205812773245
30.363205812773113
30.363205812772836
30.36320581277226
30.3632058127721
30.363205812771852
30.363205812771852
30.363205812771852
30.363205812771852
30.363205812771852
30.363205812771852
30.363205812771852
30.363205812771852
30.363205812771714
30.363205812771675
30.363205812771568
30.363205812771387
30.363205812771263
30.363205812771263
30.363205812771206
30.36320581277118
30.36320581277118
30.36320581277118
30.36320581277117
30.36320581277117
30.363205812771156
30.363205812771106
30.36320581277097
30.363205812770904
30.36320581277088
30.36320581277088
30.36320581277087
30.36320581277087
30.36320581277087
30.363205812770865
30.363205812770865
30.36320581277083
30.363205812770815
30.363205812770815
30.363205812770815
30.363205812770815
30.36320581277081
30.36320581277081
30.363205812770804
30.363205812770804
30.3632058127708
30.3632058127708
30.3632058127708
30.3632058127708
30.3632058127708
30.3632058127708
30.363205812770797
30.363205812770797
30.36320581277079
30.36320581277079
30.36320581277079
30.36320581277079
30.36320581277079
30.36320581277079
30.36320581277079
30.363205812770786
30.363205812770786
30.363205812770786
30.363205812770786
30.363205812770786
30.363205812770786
30.363205812770786
30.363205812770786
30.363205812770786
30.363205812770786
30.363205812770786
30.363205812770786
30.363205812770786
30.363205812770786
30.363205812770786
30.363205812770783
30.363205812770776
30.363205812770772
30.363205812770772
30.363205812770772
30.363205812770772
30.363205812770772
30.363205812770772
30.363205812770772
30.363205812770772
30.363205812770772
30.363205812770772
30.363205812770772
30.363205812770772
30.36320581277077
30.36320581277076
30.36320581277073
30.363205812770694
30.36320581277063
30.36320581277056
30.36320581277039
30.363205812770193
30.36320581277
30.36320581276985
30.363205812769685
30.36320581276939
30.363205812769134
30.363205812768864
30.363205812768662
30.363205812768527
30.36320581276843
30.36320581276809
30.36320581276772
30.36320581276723
30.363205812766623
30.363205812766214
30.363205812765926
30.36320581276549
30.363205812764797
30.3632058127636
30.36320581276257
30.363205812761766
30.363205812761016
30.363205812760803
30.363205812760704
30.363205812760363
30.363205812760285
30.36320581276017
30.363205812760107
30.36320581276005
30.36320581275995
30.363205812759816
30.363205812759727
30.363205812759556
30.363205812759446
30.36320581275928
30.363205812759034
30.36320581275885
30.363205812758633
30.3632058127583
30.363205812758107
30.36320581275764
30.363205812757343
30.36320581275705
30.36320581275684
30.363205812756448
30.363205812756078
30.363205812755936
30.36320581275519
30.36320581275503
30.363205812754526
30.36320581275432
30.36320581275396
30.363205812753133
30.363205812752145
30.363205812751357
30.36320581274968
30.363205812748074
30.363205812745534
30.36320581274313
30.363205812739977
30.36320581273662
30.363205812734243
30.36320581273258
30.36320581273162
30.363205812721848
30.363205812716647
30.363205812708273
30.363205812703647
30.363205812703647
30.36320581270254
30.363205812701732
30.36320581270105
30.363205812700738
30.363205812699466
30.36320581269885
30.363205812698197
30.363205812697597
30.36320581269636
30.363205812696297
30.363205812695462
30.363205812694634
30.363205812694055
30.3632058126938
30.36320581269288
30.363205812688385
30.363205812684768
30.36320581268089
30.36320581266919
30.363205812659967
30.363205812652467
30.36320581264955
30.363205812640285
30.363205812633794
30.363205812627516
30.363205812619942
30.363205812609404
30.363205812602054
30.363205812602054
30.363205812597528
30.363205812597528
30.363205812591954
30.363205812591954
30.363205812591954
30.36320581259192
30.36320581259192
30.363205812591385
30.363205812589904
30.36320581258746
30.36320581258582
30.363205812582244
30.363205812579825
30.36320581257887
30.363205812575146
30.363205812572193
30.363205812572193
30.363205812572193
30.363205812572193
30.363205812572193
30.363205812571834
30.36320581257129
30.363205812571184
30.363205812571092
30.363205812570584
30.363205812570207
30.363205812569927
30.363205812569866
30.36320581256964
30.363205812568694
30.363205812568214
30.36320581256786
30.36320581256786
30.363205812567813
30.363205812567667
30.363205812565976
30.363205812564328
30.363205812560746
30.363205812560086
30.363205812559194
30.363205812556686
30.363205812555634
30.36320581255517
30.363205812555062
30.36320581255465
30.36320581255465
30.363205812554575
30.363205812553943
30.363205812553836
30.363205812551186
30.363205812549538
30.36320581254793
30.363205812546756
30.363205812546756
30.363205812546695
30.363205812546695
30.363205812544436
30.363205812543427
30.363205812541143
30.363205812539622
30.363205812536993
30.36320581253573
30.36320581253573
30.363205812535575
30.36320581253427
30.36320581253427
30.36320581253291
30.363205812531994
30.36320581252614
30.363205812522526
30.363205812519446
30.36320581251658
30.36320581251395
30.36320581251219
30.3632058125011
30.36320581249562
30.36320581249218
30.363205812487255
30.363205812484416
30.363205812477954
30.36320581247488
30.363205812473865
30.363205812458776
30.363205812451046
30.36320581244227
30.363205812433964
30.36320581242704
30.363205812421555
30.363205812418656
30.363205812418656
30.363205812418656
30.363205812418276
30.363205812418276
30.36320581241784
30.36320581241784
30.363205812417434
30.363205812416485
30.363205812416485
30.363205812415693
30.363205812415305
30.363205812414655
30.36320581241384
30.363205812412016
30.363205812409813
30.363205812407987
30.363205812406807
30.36320581239937
30.363205812398533
30.363205812393243
30.363205812391776
30.36320581238837
30.363205812385214
30.363205812380578
30.3632058123773
30.36320581236397
30.36320581235523
30.363205812353016
30.363205812350955
30.363205812341707
30.36320581234076
30.363205812320395
30.363205812308372
30.363205812302546
30.36320581229925
30.363205812285866
30.36320581227223
30.363205812267786
30.363205812254815
30.363205812240672
30.363205812213472
30.363205812195766
30.3632058121488
30.363205812126573
30.363205812123773
30.363205812097778
30.363205812089163
30.36320581208045
30.363205812075144
30.363205812075144
30.363205812075144
30.363205812068127
30.363205812064066
30.3632058120568
30.36320581203751
30.363205812023846
30.363205812015167
30.363205812001965
30.363205811991243
30.363205811978776
30.363205811970605
30.363205811962967
30.363205811912792
30.363205811875005
30.363205811849156
30.363205811827036
30.36320581179889
30.36320581179889
30.363205811730587
30.363205811690282
30.36320581165375
30.36320581157199
30.363205811521574
30.363205811476718
30.36320581140796
30.363205811399627
30.363205811360512
30.36320581133974
30.363205811248772
30.36320581115994
30.363205811155808
30.363205811129358
30.36320581111886
30.363205811084228
30.363205811084228
30.363205811084228
30.363205811082462
30.363205811056346
30.363205811042427
30.36320581102616
30.36320581102616
30.363205811023207
30.363205811023207
30.363205811023207
30.36320581102255
30.36320581101937
30.36320581101159
30.363205811007646
30.363205810983917
30.363205810962764
30.363205810952735
30.3632058109294
30.3632058109294
30.363205810886726
30.363205810804548
30.363205810754636
30.36320581068437
30.36320581056828
30.36320581038667
30.363205810206928
30.363205810085738
30.36320580993697
30.363205809702436
30.36320580967462
30.363205809303537
30.363205809011987
30.36320580897464
30.36320580897464
30.36320580892308
30.36320580888908
30.363205808857685
30.363205808797666
30.36320580878282
30.36320580871318
30.363205808678057
30.363205808603535
30.36320580854141
30.36320580848129
30.363205808225924
30.36320580812517
30.36320580807786
30.363205807741295
30.363205807682142
30.363205807449095
30.36320580722852
30.363205807099398
30.363205807099398
30.363205807058243
30.363205807039137
30.36320580695796
30.363205806887812
30.363205806811905
30.363205806743213
30.363205806661274
30.363205806547562
30.363205806484515
30.36320580646127
30.36320580634642
30.363205806337504
30.363205806327805
30.363205806277556
30.363205806277556
30.363205806277556
30.36320580624043
30.363205806198714
30.36320580616343
30.3632058061238
30.3632058061238
30.363205806081048
30.363205806033115
30.363205806030578
30.36320580602603
30.36320580602603
30.36320580601172
30.36320580598761
30.36320580595313
30.36320580592924
30.36320580589932
30.36320580589681
30.363205805883904
30.363205805883904
30.363205805857834
30.363205805851567
30.36320580584668
30.363205805806352
30.363205805781238
30.363205805781238
30.363205805773227
30.363205805765098
30.36320580575211
30.36320580567996
30.36320580566726
30.36320580565854
30.363205805613294
30.363205805604924
30.363205805579106
30.363205805548002
30.363205805515285
30.363205805486793
30.363205805461863
30.363205805380158
30.363205805324938
30.36320580523889
30.36320580514829
30.363205805064215
30.36320580498204
30.363205804879517
30.363205804763094
30.363205804545924
30.36320580430088
30.363205803876387
30.363205803640888
30.363205803337635
30.363205802870333
30.36320580270739
30.36320580238927
30.363205802126274
30.363205801950677
30.36320580178499
30.363205801747277
30.363205801668038
30.363205801635637
30.363205801448032
30.36320580137959
30.363205801163797
30.36320580102163
30.36320580003632
30.363205798666105
30.363205797894818
30.36320579697414
30.363205796144985
30.363205794648355
30.363205792655002
30.36320579118466
30.363205790157355
30.36320578876058
30.363205788141762
30.36320578644393
30.36320578573428
30.363205785108327
30.36320578452465
30.363205783788427
30.363205783148697
30.363205782676967
30.363205780078633
30.363205778295033
30.363205770498872
30.363205766812875
30.363205755535127
30.36320574215436
30.363205733310092
30.363205723147445
30.36320570923924
30.363205691419076
30.36320566621185
30.363205654137253
30.363205643933856
30.363205643933856
30.363205634628773
30.36320562735611
30.363205625073405
30.363205624359104
30.363205622999658
30.363205622999658
30.36320562265308
30.363205620580246
30.363205620287733
30.363205620287733
30.363205620080034
30.363205619808838
30.36320561946253
30.363205619452028
30.36320561936764
30.363205619174053
30.363205619174053
30.363205619111174
30.363205619111174
30.363205619111174
30.363205619111174
30.363205619085285
30.363205619085285
30.3632056190444
30.363205618989927
30.363205618989927
30.3632056189722
30.36320561883981
30.363205618822562
30.36320561847475
30.363205618191465
30.363205618128966
30.363205617924322
30.36320561782497
30.363205617495403
30.363205617452444
30.363205616953973
30.36320561662341
30.363205616334564
30.363205616246606
30.363205615770113
30.363205615144043
30.363205614905937
30.36320561441028
30.36320561286083
30.36320561186466
30.36320561066314
30.363205609550754
30.36320560776133
30.363205606462827
30.363205605163202
30.363205604348856
30.363205603357812
30.363205602061317
30.363205601286097
30.363205599954796
30.363205599098297
30.3632055984996
30.363205595416943
30.363205591515168
30.363205585930203
30.363205579587945
30.363205573986132
30.36320556117117
30.363205552933902
30.363205537036716
30.363205522710135
30.36320550102028
30.363205481108647
30.363205458080408
30.363205436780234
30.363205374251905
30.363205318094742
30.363205233606738
30.36320514982085
30.363205097144125
30.36320504388659
30.363205020523225
30.363204994358554
30.363204958865346
30.3632049378755
30.363204866526445
30.363204799750914
30.3632047274444
30.363204662934088
30.36320462888773
30.363204614630412
30.363204607976417
30.36320458684546
30.363204581800154
30.363204573802925
30.363204573287476
30.36320453264718
30.363204504302413
30.363204497322144
30.36320446258715
30.363204446747513
30.363204432304908
30.363204410550313
30.363204386121613
30.363204373146733
30.363204332368277
30.3632043034384
30.363204280979566
30.36320426793612
30.36320426793612
30.363204258317932
30.363204258317932
30.363204258317932
30.363204257217923
30.363204256469796
30.363204255950716
30.363204255585437
30.363204255585437
30.363204255522742
30.363204255522742
30.3632042553762
30.363204254049613
30.36320425365948
30.36320425365948
30.363204253418974
30.36320425285137
30.363204252165023
30.363204251888853
30.363204250730785
30.36320425034851
30.36320425001521
30.363204248789103
30.363204247426744
30.36320424598144
30.36320424458448
30.363204242818924
30.363204241342803
30.36320423955036
30.363204233519195
30.363204231525053
30.363204227758896
30.363204226364555
30.363204222254428
30.36320421939248
30.363204218462332
30.363204217739842
30.363204217333717
30.36320421654089
30.363204214799897
30.363204214438944
30.363204214218914
30.363204214218914
30.363204213903103
30.363204213885318
30.363204213850018
30.363204213850018
30.363204209712155
30.36320420793417
30.36320420565239
30.36320420411175
30.36320420204878
30.363204199633053
30.363204195841703
30.363204193789073
30.363204185470746
30.36320417474379
30.36320416146749
30.36320415468169
30.363204145327984
30.363204123775766
30.363204115501002
30.363204080674272
30.363204044954557
30.363204010965312
30.363203973758623
30.363203944183976
30.3632039376977
30.36320390977259
30.363203869852374
30.363203814879217
30.363203655015838
30.36320349427743
30.36320337544484
30.36320321085836
30.36320319809477
30.363203180001392
30.363203180001392
30.363203175966007
30.363203164605718
30.36320316293985
30.36320316293985
30.36320316293985
30.36320316293985
30.36320316293985
30.363203159955816
30.363203138761413
30.363203129522358
30.363203129522358
30.363203129522358
30.36320312666951
30.36320312666951
30.3632031232336
30.36320312230179
30.363203114250066
30.36320310776557
30.363203103053994
30.36320310059888
30.36320309488473
30.363203092625067
30.363203092625067
30.36320309244082
30.363203092059162
30.363203092059162
30.36320309124084
30.363203090402685
30.363203090358756
30.363203090358756
30.36320308993888
30.36320308982253
30.363203089313824
30.363203088867472
30.363203088867472
30.363203088847754
30.363203087815325
30.363203087184132
30.36320308707895
30.363203085442333
30.36320308489288
30.363203076826913
30.363203073443962
30.363203062796718
30.363203056869402
30.36320303896898
30.36320301373141
30.363203009070475
30.36320300539064
30.363202982721656
30.363202976020137
30.363202970833186
30.363202950280296
30.363202939387527
30.363202904180138
30.36320287635459
30.363202842623465
30.36320281777914
30.36320281173734
30.3632027971365
30.363202785182303
30.363202770202168
30.363202762405567
30.36320275607461
30.363202748563516
30.363202745362436
30.363202743800816
30.363202743800816
30.363202743800816
30.363202743800816
30.363202742803047
30.36320273966494
30.3632027292734
30.3632027292734
30.363202723058237
30.363202722840995
30.363202722771934
30.363202718821533
30.3632027171701
30.3632027171701
30.363202714527468
30.363202713869686
30.36320271362135
30.36320271362135
30.363202710733233
30.363202710172978
30.36320270970621
30.363202708730903
30.363202708730903
30.363202708636294
30.36320270783871
30.36320270783871
30.36320270783871
30.3632027072986
30.363202707039886
30.363202706998926
30.363202706998926
30.363202706998926
30.363202706954787
30.363202706954787
30.363202706954567
30.363202706443232
30.363202706354482
30.36320270591713
30.363202705824456
30.363202705824456
30.363202705687335
30.363202705649524
30.363202705646327
30.3632027056169
30.3632027056169
30.3632027056169
30.3632027056169
30.363202705609133
30.363202705587614
30.363202705587614
30.363202705586353
30.36320270557695
30.363202705574526
30.36320270556588
30.36320270553733
30.363202705534402
30.363202705517025
30.363202705517025
30.363202705507614
30.363202705502296
30.363202705458782
30.363202705458782
30.363202705458782
30.363202705458782
30.36320270544884
30.36320270544595
30.36320270544595
30.36320270544595
30.363202705443527
30.36320270544063
30.363202705440578
30.36320270543835
30.36320270543835
30.36320270543835
30.363202705437633
30.363202705437633
30.363202705437633
30.363202705437633
30.36320270543717
30.36320270543717
30.363202705436866
30.363202705436656
30.36320270543663
30.363202705436574
30.36320270543626
30.363202705435892
30.363202705435878
30.36320270543574
30.36320270543574
30.363202705435565
30.36320270543527
30.36320270543527
30.36320270543519
30.363202705435146
30.363202705435057
30.36320270543501
30.36320270543476
30.363202705434723
30.363202705434354
30.363202705434254
30.363202705434222
30.36320270543422
30.363202705434198
30.363202705434194
30.363202705434137
30.363202705434013
30.36320270543367
30.363202705433576
30.363202705433487
30.36320270543318
30.36320270543288
30.36320270543274
30.363202705432556
30.363202705432556
30.363202705432474
30.363202705432442
30.363202705432442
30.363202705432435
30.363202705432382
30.363202705432382
30.363202705432375
30.36320270543236
30.36320270543236
30.36320270543236
30.36320270543234
30.363202705432332
30.363202705432304
30.363202705432297
30.363202705432297
30.363202705432297
30.363202705432297
30.363202705432258
30.363202705432155
30.36320270543205
30.363202705431977
30.363202705431945
30.363202705431814
30.363202705431654
30.363202705431604
30.36320270543153
30.363202705431473
30.363202705431345
30.363202705431284
30.363202705431185
30.36320270543118
30.36320270543116
30.363202705431114
30.363202705431114
30.36320270543109
30.36320270543106
30.36320270543103
30.36320270543096
30.363202705430954
30.363202705430925
30.363202705430904
30.36320270543083
30.363202705430673
30.363202705430556
30.363202705430467
30.363202705430428
30.363202705430194
30.36320270543018
30.363202705429998
30.363202705429696
30.363202705429444
30.36320270542936
30.36320270542841
30.36320270542735
30.363202705426527
30.363202705425945
30.363202705425422
30.363202705424353
30.363202705423035
30.363202705421497
30.363202705419557
30.363202705417777
30.363202705414437
30.36320270541115
30.363202705407602
30.363202705406195
30.363202705405016
30.36320270540389
30.36320270540389
30.363202705403694
30.363202705403623
30.363202705403506
30.363202705403502
30.36320270540314
30.363202705402514
30.363202705402102
30.363202705401704
30.363202705400543
30.363202705399953
30.363202705398844
30.363202705397452
30.363202705396684
30.36320270539668
30.363202705396105
30.36320270539505
30.363202705394414
30.363202705393384
30.363202705391625
30.36320270539066
30.363202705389114
30.363202705387888
30.36320270538535
30.36320270538307
30.363202705381482
30.36320270537951
30.363202705378235
30.36320270537681
30.36320270537577
30.363202705374086
30.36320270537357
30.3632027053712
30.363202705371155
30.363202705370792
30.363202705369684
30.363202705369492
30.36320270536936
30.363202705369147
30.363202705368607
30.363202705368455
30.363202705367986
30.363202705367346
30.363202705367325
30.363202705366866
30.363202705366586
30.3632027053663
30.363202705365982
30.363202705365218
30.36320270536509
30.36320270536508
30.363202705364742
30.36320270536407
30.36320270536407
30.363202705363967
30.363202705363967
30.363202705363662
30.363202705363662
30.363202705363623
30.363202705363495
30.363202705362667
30.363202705362518
30.363202705361726
30.363202705361232
30.363202705359644
30.363202705359644
30.363202705359353
30.363202705359203
30.36320270535905
30.363202705358827
30.363202705358614
30.363202705358574
30.36320270535809
30.36320270535713
30.36320270535651
30.363202705355892
30.36320270535553
30.363202705355512
30.363202705355388
30.363202705355388
30.363202705355388
30.363202705355338
30.363202705355285
30.363202705355263
30.36320270535518
30.36320270535512
30.363202705354976
30.363202705354947
30.363202705354947
30.36320270535492
30.36320270535492
30.36320270535492
30.363202705354915
30.363202705354908
30.363202705354908
30.36320270535488
30.36320270535488
30.36320270535488
30.363202705354873
30.363202705354862
30.363202705354862
30.36320270535483
30.36320270535481
30.363202705354798
30.363202705354798
30.363202705354798
30.363202705354787
30.363202705354766
30.363202705354723
30.36320270535472
30.36320270535471
30.36320270535471
30.36320270535467
30.363202705354627
30.363202705354574
30.363202705354492
30.363202705354396
30.36320270535434
30.36320270535421
30.36320270535408
30.363202705353974
30.363202705353793
30.363202705353793
30.36320270535365
30.36320270535354
30.363202705353523
30.363202705353434
30.363202705353324
30.36320270535318
30.363202705353
30.36320270535282
30.363202705352577
30.363202705351462
30.363202705350908
30.363202705349902
30.36320270534915
30.36320270534761
30.363202705346588
30.363202705344758
30.363202705343607
30.363202705342662
30.36320270534091
30.363202705339532
30.363202705339177
30.36320270533816
30.36320270533693
30.363202705335485
30.363202705333435
30.36320270533088
30.36320270532884
30.363202705327236
30.36320270532461
30.363202705320226
30.36320270531426
30.363202705310567
30.36320270530523
30.363202705294498
30.36320270528863
30.363202705279786
30.363202705267554
30.3632027052645
30.36320270525965
30.363202705250867
30.363202705242884
30.363202705236407
30.363202705210814
30.36320270519176
30.363202705178438
30.363202705170018
30.36320270515647
30.363202705121758
30.363202705070957
30.363202705031675
30.363202704953927
30.363202704892537
30.363202704852178
30.3632027046904
30.36320270462506
30.36320270462506
30.36320270456502
30.36320270452481
30.363202704433427
30.363202704364987
30.363202704340722
30.363202704306875
30.363202704306875
30.363202704237892
30.36320270406145
30.363202703948044
30.36320270383467
30.363202703651712
30.363202703503273
30.363202703304637
30.363202703232112
30.363202703129257
30.363202703037874
30.363202702710097
30.363202702632606
30.363202702632606
30.363202702587095
30.36320270248008
30.36320270248008
30.363202702438866
30.363202702438866
30.363202702438866
30.363202702436716
30.363202702436716
30.363202702423834
30.363202702423834
30.363202702423834
30.363202702423834
30.36320270241928
30.363202702392194
30.36320270238161
30.363202702381557
30.363202702373123
30.36320270235989
30.363202702286376
30.36320270225389
30.363202702195213
30.363202702171346
30.36320270205685
30.363202701953778
30.363202701845296
30.363202701747444
30.363202701624992
30.363202701315718
30.363202701101862
30.363202700658615
30.363202700114005
30.363202699778
30.363202699492195
30.363202699333677
30.363202699289438
30.363202699064345
30.363202698846205
30.363202698799462
30.363202698680162
30.363202698644713
30.36320269850919
30.36320269845635
30.363202698259908
30.363202698234087
30.363202698234087
30.36320269822201
30.3632026981642
30.3632026981642
30.3632026981642
30.363202698078886
30.36320269806293
30.36320269806293
30.36320269801377
30.36320269798957
30.363202697977837
30.363202697974614
30.363202697974614
30.363202697968248
30.363202697968248
30.36320269796419
30.36320269796419
30.36320269795873
30.363202697943404
30.36320269792947
30.36320269792898
30.36320269792654
30.363202697923352
30.363202697915625
30.363202697915625
30.36320269791548
30.36320269791548
30.36320269791548
30.363202697913795
30.363202697913795
30.363202697912524
30.363202697912524
30.363202697912524
30.363202697912524
30.36320269791058
30.36320269791058
30.36320269791058
30.363202697910456
30.363202697910456
30.363202697910456
30.363202697910456
30.363202697910456
30.363202697910168
30.36320269790979
30.36320269790979
30.363202697909685
30.36320269790934
30.363202697909262
30.363202697909166
30.363202697908616
30.363202697908616
30.36320269790768
30.36320269790768
30.36320269790753
30.363202697907287
30.363202697907287
30.363202697907187
30.363202697907106
30.363202697907056
30.36320269790705
30.36320269790705
30.363202697907017
30.363202697906832
30.36320269790674
30.36320269790649
30.36320269790626
30.36320269790626
30.363202697906182
30.36320269790596
30.36320269790584
30.363202697905294
30.363202697905024
30.363202697904182
30.363202697903176
30.36320269790213
30.363202697900558
30.363202697898167
30.363202697894934
30.363202697888166
30.363202697883935
30.36320269788174
30.363202697877934
30.363202697875465
30.36320269787286
30.363202697867887
30.36320269786183
30.3632026978548
30.363202697852195
30.363202697851186
30.363202697843032
30.36320269783823
30.36320269783598
30.363202697831593
30.36320269782481
30.3632026978147
30.36320269779209
30.363202697779837
30.363202697779837
30.363202697765352
30.363202697761515
30.363202697754193
30.36320269775357
30.363202697752307
30.363202697752115
30.363202697751287
30.363202697748324
30.363202697747408
30.363202697744715
30.363202697743528
30.363202697736597
30.36320269773193
30.36320269771958
30.36320269770823
30.36320269768789
30.363202697667454
30.36320269764637
30.36320269761633
30.363202697606877
30.363202697583407
30.363202697563768
30.363202697541794
30.363202697526887
30.363202697523878
30.363202697519146
30.363202697513294
30.3632026975104
30.36320269750808
30.36320269750011
30.363202697492003
30.363202697490415
30.363202697486432
30.36320269747501
30.363202697453904
30.36320269742648
30.36320269740061
30.363202697371833
30.363202697371833
30.36320269736677
30.36320269736677
30.363202697366205
30.363202697363327
30.363202697358638
30.36320269735502
30.363202697348655
30.363202697343155
30.363202697342267
30.363202697340974
30.363202697340974
30.363202697340924
30.363202697339727
30.363202697339727
30.363202697339545
30.363202697333843
30.363202697333644
30.363202697333644
30.36320269733224
30.36320269733223
30.363202697332003
30.36320269733069
30.363202697330532
30.363202697330532
30.363202697330532
30.363202697330326
30.36320269733026
30.363202697330085
30.36320269732962
30.36320269732962
30.36320269732962
30.363202697329562
30.363202697329466
30.363202697329143
30.36320269732897
30.363202697328855
30.363202697328045
30.363202697327292
30.363202697326393
30.363202697325846
30.363202697324926
30.36320269732402
30.36320269732378
30.363202697323587
30.36320269732322
30.363202697322773
30.36320269732183
30.36320269732173
30.363202697321174
30.363202697320105
30.363202697319732
30.363202697319494
30.363202697319448
30.36320269731928
30.36320269731928
30.363202697319267
30.363202697319185
30.363202697319007
30.363202697319007
30.363202697319007
30.363202697318684
30.363202697318545
30.36320269731837
30.363202697318357
30.363202697318215
30.363202697318215
30.36320269731819
30.363202697318187
30.363202697318155
30.36320269731814
30.363202697318137
30.363202697318137
30.363202697318137
30.363202697318133
30.36320269731813
30.36320269731813
30.36320269731813
30.363202697318126
30.363202697318115
30.363202697318112
30.36320269731811
30.36320269731811
30.363202697318098
30.36320269731809
30.363202697318084
30.363202697318084
30.363202697318084
30.363202697318084
30.36320269731808
30.36320269731808
30.36320269731808
30.36320269731808
30.36320269731808
30.36320269731808
30.36320269731808
30.363202697318076
30.363202697318076
30.363202697318076
30.363202697318076
30.363202697318076
30.363202697318076
30.363202697318076
30.36320269731807
30.36320269731807
30.36320269731807
30.36320269731807
30.36320269731807
30.36320269731807
30.36320269731807
30.36320269731807
30.36320269731807
30.36320269731807
30.363202697318066
30.363202697318062
30.363202697318048
30.363202697318037
30.363202697318034
30.363202697318034
30.363202697318034
30.363202697318027
30.363202697318027
30.363202697318027
30.36320269731802
30.363202697317988
30.363202697317973
30.363202697317956
30.36320269731794
30.36320269731792
30.3632026973179
30.3632026973179
30.363202697317895
30.36320269731789
30.363202697317888
30.363202697317888
30.36320269731788
30.363202697317874
30.363202697317867
30.36320269731786
30.36320269731785
30.363202697317835
30.36320269731782
30.363202697317806
30.363202697317785
30.36320269731777
30.363202697317735
30.36320269731773
30.363202697317718
30.363202697317718
30.363202697317714
30.363202697317707
30.363202697317703
30.3632026973177
30.363202697317696
30.363202697317668
30.363202697317664
30.36320269731766
30.363202697317654
30.363202697317654
30.36320269731765
30.363202697317632
30.36320269731762
30.3632026973176
30.363202697317583
30.36320269731756
30.363202697317544
30.363202697317526
30.363202697317504
30.363202697317472
30.363202697317465
30.363202697317448
30.363202697317433
30.3632026973174
30.363202697317366
30.363202697317337
30.363202697317302
30.363202697317245
30.363202697317202
30.36320269731717
30.363202697317064
30.363202697317018
30.36320269731695
30.363202697316893
30.363202697316893
30.363202697316883
30.363202697316844
30.363202697316805
30.36320269731671
30.363202697316673
30.36320269731661
30.36320269731657
30.363202697316513
30.36320269731651
30.363202697316495
30.363202697316446
30.363202697316446
30.363202697316442
30.363202697316417
30.363202697316396
30.363202697316353
30.363202697316332
30.36320269731626
30.363202697316165
30.363202697316023
30.363202697315863
30.363202697315604
30.36320269731538
30.363202697315153
30.363202697315096
30.36320269731508
30.363202697315025
30.363202697314893
30.363202697314772
30.363202697314687
30.36320269731467
30.36320269731438
30.36320269731436
30.363202697314026
30.363202697313735
30.363202697312687
30.363202697312225
30.36320269731092
30.36320269731068
30.36320269731059
30.363202697310538
30.363202697310516
30.3632026973105
30.363202697310363
30.363202697310296
30.363202697310232
30.363202697310125
30.36320269730993
30.36320269730971
30.363202697309383
30.363202697308992
30.363202697308736
30.36320269730838
30.363202697308047
30.363202697307806
30.363202697307543
30.363202697307468
30.363202697307457
30.363202697307244
30.36320269730698
30.36320269730673
30.363202697306576
30.36320269730657
30.363202697306498
30.363202697306452
30.363202697306395
30.363202697306395
30.363202697306395
30.363202697306388
30.36320269730638
30.36320269730638
30.363202697306352
30.363202697306324
30.3632026973063
30.363202697306267
30.363202697306203
30.363202697306154
30.363202697306054
30.363202697305997
30.363202697305923
30.36320269730588
30.363202697305795
30.36320269730552
30.363202697305223
30.36320269730483
30.36320269730419
30.36320269730419
30.363202697304096
30.363202697303983
30.3632026973039
30.363202697303482
30.363202697303127
30.363202697302626
30.363202697302256
30.363202697301993
30.363202697301787
30.363202697301716
30.363202697301467
30.363202697301315
30.36320269730121
30.363202697301197
30.363202697301023
30.363202697301
30.36320269730099
30.36320269730096
30.363202697300732
30.36320269730068
30.36320269730066
30.363202697300558
30.363202697300558
30.36320269730054
30.363202697300498
30.363202697300483
30.363202697300455
30.363202697300434
30.36320269730041
30.36320269730041
30.363202697300405
30.363202697300405
30.363202697300405
30.363202697300405
30.36320269730039
30.363202697300387
30.36320269730038
30.36320269730037
30.36320269730037
30.363202697300363
30.36320269730036
30.36320269730032
30.363202697300306
30.363202697300288
30.363202697300284
30.363202697300284
30.36320269730028
30.363202697300274
30.363202697300267
30.363202697300267
30.363202697300252
30.363202697300252
30.363202697300252
30.363202697300252
30.363202697300252
30.363202697300252
30.363202697300252
30.363202697300252
30.363202697300252
30.363202697300252
30.363202697300252
30.363202697300252
30.363202697300252
30.363202697300252
30.363202697300252
30.363202697300252
30.363202697300245
30.36320269730024
30.36320269730022
30.363202697300203
30.36320269730018
30.363202697300164
30.36320269730014
30.363202697300117
30.363202697300093
30.36320269730008
30.363202697300057
30.36320269730003
30.363202697299972
30.36320269729988
30.36320269729981
30.36320269729968
30.363202697299517
30.363202697299407
30.363202697299226
30.3632026972991
30.3632026972989
30.363202697298643
30.36320269729825
30.36320269729798
30.36320269729777
30.36320269729777
30.363202697297638
30.36320269729746
30.363202697297286
30.363202697297222
30.363202697297215
30.363202697297197
30.36320269729719
30.363202697297183
30.363202697297165
30.363202697297165
30.363202697297147
30.363202697297144
30.363202697297137
30.363202697297137
30.36320269729712
30.363202697297083
30.363202697296952
30.363202697296934
30.36320269729678
30.363202697296625
30.363202697296444
30.363202697295986
30.363202697295584
30.363202697295023
30.363202697294483
30.363202697293918
30.363202697292863
30.363202697292778
30.36320269729223
30.36320269729223
30.363202697292024
30.363202697291847
30.363202697291847
30.363202697291847
30.363202697291776
30.363202697291722
30.3632026972916
30.3632026972916
30.3632026972916
30.3632026972916
30.3632026972916
30.363202697291598
30.36320269729159
30.363202697291587
30.36320269729158
30.36320269729158
30.36320269729158
30.36320269729158
30.363202697291573
30.363202697291523
30.36320269729148
30.363202697291445
30.363202697291428
30.36320269729139
30.36320269729136
30.363202697291335
30.363202697291314
30.363202697291285
30.363202697291236
30.36320269729119
30.363202697290923
30.363202697290838
30.363202697290525
30.363202697290305
30.363202697289903
30.363202697289697
30.36320269728945
30.363202697289093
30.363202697288813
30.363202697288504
30.36320269728818
30.363202697287864
30.363202697287566
30.363202697287043
30.363202697286894
30.36320269728666
30.36320269728664
30.363202697286457
30.363202697286273
30.363202697286116
30.36320269728586
30.363202697285576
30.36320269728556
30.363202697285367
30.363202697285246
30.363202697285224
30.363202697285033
30.36320269728499
30.363202697284922
30.363202697284876
30.363202697284876
30.363202697284876
30.36320269728486
30.363202697284812
30.363202697284652
30.36320269728462
30.36320269728462
30.36320269728462
30.36320269728461
30.36320269728461
30.363202697284596
30.363202697284596
30.36320269728459
30.363202697284585
30.363202697284585
30.363202697284578
30.363202697284567
30.363202697284567
30.36320269728456
30.36320269728456
30.36320269728456
30.36320269728456
30.36320269728456
30.36320269728456
30.36320269728456
30.36320269728456
30.36320269728456
30.36320269728456
30.36320269728456
30.36320269728456
30.36320269728456
30.36320269728456
30.36320269728456
30.36320269728456
30.36320269728456
30.36320269728456
30.36320269728456
30.363202697284557
30.363202697284557
30.363202697284557
30.363202697284557
30.363202697284557
30.363202697284557
30.363202697284557
30.363202697284557
30.363202697284557
30.363202697284553
30.363202697284553
30.363202697284542
30.36320269728454
30.363202697284535
30.363202697284514
30.363202697284482
30.36320269728445
30.363202697284414
30.363202697284336
30.36320269728427
30.363202697284198
30.363202697284148
30.363202697284073
30.363202697283977
30.363202697283917
30.363202697283867
30.36320269728383
30.3632026972838
30.363202697283757
30.363202697283732
30.36320269728372
30.363202697283715
30.363202697283715
30.3632026972837
30.3632026972837
30.3632026972837
30.3632026972837
30.3632026972837
30.3632026972837
30.3632026972837
30.363202697283697
30.363202697283697
30.363202697283693
30.363202697283693
30.363202697283693
30.363202697283693
30.363202697283693
30.363202697283693
30.363202697283693
30.363202697283693
30.363202697283693
30.363202697283693
30.363202697283693
30.363202697283693
30.363202697283693
30.363202697283693
30.363202697283693
30.363202697283686
30.363202697283683
30.363202697283665
30.363202697283665
30.363202697283654
30.36320269728364
30.363202697283633
30.363202697283633
30.363202697283626
30.363202697283622
30.3632026972836
30.363202697283587
30.36320269728357
30.36320269728356
30.36320269728356
30.363202697283555
30.363202697283548
30.363202697283526
30.363202697283512
30.363202697283484
30.363202697283448
30.363202697283402
30.363202697283384
30.363202697283338
30.363202697283302
30.36320269728327
30.363202697283246
30.363202697283224
30.36320269728318
30.363202697283132
30.36320269728302
30.363202697282702
30.363202697282382
30.36320269728195
30.36320269728146
30.363202697280755
30.363202697280272
30.363202697279753
30.36320269727864
30.363202697277348
30.36320269727539
30.363202697273614
30.363202697272225
30.363202697271134
30.36320269727079
30.363202697270754
30.3632026972705
30.363202697270257
30.363202697270257
30.36320269727022
30.36320269726996
30.363202697269823
30.363202697269795
30.36320269726973
30.36320269726973
30.363202697269426
30.363202697269294
30.36320269726802
30.363202697267035
30.363202697265532
30.363202697263702
30.363202697262476
30.363202697259567
30.363202697257563
30.363202697257563
30.363202697256742
30.36320269725444
30.363202697252383
30.363202697250625
30.363202697250145
30.363202697249083
30.3632026972481
30.363202697247274
30.36320269724595
30.363202697244944
30.36320269724432
30.363202697244063
30.36320269724365
30.363202697243114
30.3632026972429
30.3632026972424
30.363202697242105
30.36320269724179
30.36320269724119
30.363202697240336
30.363202697239597
30.36320269723903
30.363202697238407
30.363202697237476
30.36320269723663
30.363202697235554
30.363202697233532
30.36320269723217
30.36320269722921
30.363202697225
30.3632026972185
30.363202697211772
30.363202697205114
30.36320269719905
30.363202697196016
30.36320269718406
30.36320269717816
30.363202697170717
30.36320269716389
30.36320269715151
30.363202697139517
30.363202697129665
30.36320269711627
30.363202697105176
30.363202697091644
30.363202697077764
30.363202697052206
30.363202697033046
30.3632026970074
30.363202696988534
30.36320269696107
30.363202696933048
30.363202696915387
30.36320269688747
30.363202696846113
30.363202696808944
30.363202696769925
30.363202696733268
30.36320269670129
30.363202696603572
30.363202696537478
30.363202696517178
30.36320269635689
30.363202696319835
30.363202696188978
30.363202696014
30.36320269587245
30.36320269577453
30.36320269565452
30.36320269551141
30.36320269527761
30.36320269512207
30.36320269506783
30.36320269506783
30.363202695048823
30.363202694891047
30.363202694791337
30.363202694791337
30.363202694791337
30.363202694764006
30.363202694764006
30.36320269475329
30.363202694748963
30.363202694744515
30.363202694741585
30.363202694740107
30.363202694738337
30.363202694738316
30.36320269473821
30.36320269473821
30.36320269473814
30.36320269473792
30.36320269473758
30.36320269473758
30.363202694737407
30.363202694737314
30.363202694736245
30.363202694736135
30.363202694735698
30.363202694735698
30.363202694735655
30.363202694735556
30.363202694735094
30.363202694735094
30.363202694734895
30.363202694734895
30.363202694734895
30.36320269473489
30.363202694734202
30.363202694734174
30.363202694733232
30.363202694732493
30.363202694731786
30.36320269473092
30.363202694729992
30.363202694729136
30.363202694724905
30.36320269471921
30.36320269471157
30.363202694706693
30.363202694705162
30.363202694694735
30.363202694678858
30.363202694671113
30.363202694640062
30.363202694635063
30.363202694616724
30.363202694610713
30.363202694597607
30.36320269453234
30.363202694505194
30.363202694471415
30.363202694427574
30.363202694401625
30.363202694401625
30.363202694401043
30.36320269439231
30.3632026943907
30.36320269439022
30.363202694389916
30.36320269438778
30.36320269438719
30.36320269438631
30.36320269438631
30.363202694385617
30.363202694385617
30.363202694385542
30.363202694385542
30.36320269438509
30.36320269438487
30.36320269438471
30.363202694384594
30.363202694384402
30.363202694384402
30.363202694384157
30.36320269438395
30.363202694383826
30.3632026943814
30.363202694381126
30.363202694381126
30.363202694380732
30.36320269438047
30.3632026943801
30.363202694378902
30.36320269437876
30.36320269437872
30.36320269437872
30.36320269437872
30.36320269437853
30.363202694378497
30.363202694378323
30.363202694378323
30.363202694378298
30.363202694378288
30.36320269437823
30.36320269437823
30.36320269437823
30.36320269437823
30.36320269437823
30.36320269437823
30.36320269437823
30.36320269437823
30.36320269437823
30.36320269437823
30.36320269437823
30.363202694378227
30.363202694378227
30.363202694378227
30.363202694378202
30.3632026943782
30.363202694378195
30.363202694378195
30.363202694378195
30.363202694378185
30.36320269437816
30.363202694378156
30.363202694378156
30.363202694378153
30.363202694378153
30.363202694378153
30.36320269437815
30.36320269437813
30.36320269437811
30.363202694378035
30.363202694377996
30.363202694377996
30.363202694377996
30.363202694377993
30.363202694377982
30.363202694377964
30.363202694377964
30.363202694377964
30.363202694377964
30.363202694377964
30.363202694377957
30.363202694377957
30.363202694377957
30.363202694377957
30.363202694377957
30.363202694377957
30.363202694377957
30.363202694377957
30.363202694377957
30.363202694377957
30.363202694377957
30.363202694377957
30.363202694377957
30.363202694377957
30.363202694377957
30.363202694377957
30.363202694377954
30.363202694377947
30.363202694377947
30.363202694377936
30.363202694377936
30.363202694377932
30.36320269437793
30.36320269437791
30.36320269437789
30.363202694377872
30.36320269437786
30.363202694377843
30.363202694377822
30.36320269437781
30.363202694377797
30.363202694377783
30.363202694377776
30.363202694377662
30.363202694377616
30.363202694377446
30.36320269437733
30.363202694377158
30.36320269437683
30.363202694376632
30.36320269437644
30.363202694376177
30.3632026943756
30.363202694374962
30.363202694374472
30.363202694373825
30.36320269437346
30.363202694373257
30.3632026943732
30.36320269437316
30.363202694373093
30.363202694373072
30.36320269437306
30.36320269437303
30.363202694372998
30.363202694372998
30.363202694372966
30.363202694372937
30.36320269437292
30.36320269437292
30.363202694372916
30.363202694372884
30.36320269437286
30.36320269437281
30.36320269437281
30.3632026943728
30.36320269437277
30.363202694372767
30.363202694372745
30.363202694372674
30.363202694372653
30.363202694372603
30.363202694372543
30.363202694372514
30.363202694372497
30.363202694372173
30.363202694371957
30.363202694371775
30.363202694371417
30.363202694370994
30.36320269437072
30.363202694370347
30.363202694370052
30.36320269436968
30.36320269436958
30.36320269436887
30.363202694368752
30.363202694368052
30.36320269436744
30.36320269436744
30.36320269436717
30.363202694367153
30.363202694366304
30.363202694365658
30.363202694364666
30.36320269436367
30.363202694361778
30.363202694359707
30.363202694357742
30.36320269435726
30.3632026943559
30.363202694355625
30.363202694355405
30.363202694354744
30.36320269435425
30.363202694354005
30.363202694352626
30.363202694351212
30.363202694350598
30.36320269434998
30.363202694349784
30.363202694349784
30.363202694349784
30.363202694349784
30.363202694349685
30.363202694349596
30.363202694349596
30.363202694349585
30.36320269434945
30.363202694349443
30.3632026943494
30.3632026943494
30.36320269434939
30.36320269434938
30.363202694349347
30.363202694349347
30.363202694349294
30.363202694349294
30.36320269434928
30.363202694349276
30.363202694349276
30.363202694349276
30.36320269434927
30.363202694349262
30.36320269434923
30.36320269434922
30.36320269434921
30.363202694349173
30.363202694349138
30.36320269434909
30.363202694349052
30.363202694349
30.36320269434897
30.363202694348878
30.36320269434883
30.36320269434872
30.363202694348523
30.363202694348395
30.36320269434818
30.36320269434803
30.363202694347905
30.363202694347798
30.36320269434774
30.36320269434774
30.363202694347727
30.363202694347713
30.363202694347713
30.363202694347713
30.363202694347713
30.363202694347713
30.363202694347713
30.363202694347713
30.363202694347713
30.36320269434771
30.36320269434771
30.36320269434771
30.36320269434771
30.363202694347706
30.363202694347706
30.363202694347706
30.363202694347706
30.363202694347706
30.363202694347706
30.363202694347706
30.363202694347706
30.363202694347706
30.363202694347706
30.363202694347706
30.363202694347706
30.363202694347706
30.363202694347706
30.363202694347706
30.363202694347706
30.363202694347706
30.363202694347706
30.363202694347706
30.363202694347706
30.363202694347706
30.363202694347706
30.363202694347706
30.363202694347702
30.363202694347695
30.363202694347695
30.363202694347695
30.363202694347695
30.363202694347695
30.363202694347695
30.363202694347695
30.363202694347695
30.363202694347695
30.363202694347695
30.363202694347695
30.363202694347695
30.363202694347695
30.363202694347695
30.363202694347695
30.363202694347695
30.363202694347695
30.363202694347695
30.363202694347695
30.363202694347695
30.363202694347695
30.363202694347695
30.363202694347695
30.363202694347695
30.363202694347695
30.36320269434769
30.36320269434768
30.363202694347667
30.36320269434765
30.363202694347624
30.363202694347592
30.363202694347557
30.363202694347525
30.363202694347496
30.36320269434748
30.363202694347457
30.363202694347446
30.36320269434743
30.363202694347407
30.36320269434738
30.363202694347358
30.36320269434734
30.363202694347326
30.363202694347315
30.363202694347294
30.363202694347272
30.363202694347248
30.36320269434722
30.3632026943472
30.363202694347116
30.363202694347073
30.363202694347056
30.363202694346942
30.36320269434684
30.363202694346665
30.363202694345837
30.363202694345453
30.363202694345038
30.363202694344768
30.363202694344157
30.363202694343432
30.363202694342448
30.363202694341812
30.363202694341812
30.363202694341442
30.363202694341012
30.363202694340785
30.363202694340156
30.3632026943401
30.363202694339027
30.363202694338394
30.363202694337456
30.363202694337293
30.363202694337293
30.363202694337293
30.363202694337275
30.36320269433719
30.363202694337136
30.363202694337136
30.363202694337136
30.363202694337136
30.363202694337136
30.363202694337136
30.36320269433704
30.363202694337
30.363202694337
30.363202694336916
30.363202694336824
30.363202694335936
30.363202694335463
30.363202694334912
30.36320269433482
30.363202694334685
30.363202694334547
30.36320269433449
30.36320269433445
30.363202694334372
30.363202694334216
30.363202694334046
30.363202694333836
30.363202694333214
30.363202694332763
30.36320269433245
30.363202694332447
30.36320269433159
30.36320269433149
30.363202694329676
30.363202694328002
30.36320269432641
30.36320269432476
30.363202694323693
30.363202694323498
30.363202694322897
30.363202694322897
30.363202694322734
30.36320269432267
30.36320269432244
30.363202694322176
30.36320269432205
30.363202694321732
30.363202694321732
30.363202694321732
30.363202694321707
30.363202694321604
30.363202694321558
30.36320269432142
30.363202694321043
30.363202694320687
30.36320269432027
30.36320269432002
30.363202694319885
30.363202694319618
30.363202694319412
30.363202694319362
30.363202694319277
30.363202694319074
30.36320269431907
30.36320269431907
30.36320269431902
30.363202694318996
30.36320269431895
30.363202694318943
30.363202694318943
30.363202694318613
30.3632026943185
30.363202694317483
30.363202694316374
30.36320269431502
30.363202694312914
30.36320269431149
30.363202694310054
30.363202694308626
30.363202694307606
30.363202694306356
30.36320269430483
30.363202694303013
30.36320269430171
30.363202694299023
30.363202694296323
30.36320269429459
30.363202694286308
30.36320269428092
30.36320269427374
30.363202694268214
30.363202694266434
30.363202694264473
30.363202694263087
30.36320269425965
30.363202694257737
30.363202694254312
30.363202694251385
30.363202694250713
30.363202694240055
30.36320269423749
30.363202694230058
30.363202694227642
30.363202694222622
30.363202694217556
30.36320269420512
30.363202694200716
30.36320269419051
30.363202694183823
30.36320269418311
30.363202694166418
30.363202694164823
30.363202694164823
30.363202694164574
30.36320269416395
30.363202694163334
30.3632026941617
30.363202694158147
30.36320269415807
30.36320269415541
30.363202694152402
30.36320269414709
30.363202694146526
30.363202694146526
30.363202694145752
30.363202694144928
30.36320269414378
30.36320269414368
30.36320269414358
30.363202694143514
30.363202694141638
30.36320269414147
30.363202694138806
30.363202694138806
30.36320269413824
30.363202694136852
30.363202694134536
30.363202694133744
30.363202694132962
30.36320269413226
30.363202694132113
30.363202694129402
30.36320269412587
30.363202694119856
30.363202694114594
30.363202694103002
30.363202694089274
30.36320269407292
30.36320269405
30.363202694022018
30.363202693993777
30.36320269396835
30.363202693945283
30.36320269393939
30.363202693936426
30.363202693933328
30.363202693931832
30.363202693927626
30.363202693924098
30.363202693918627
30.36320269391252
30.36320269390779
30.363202693905283
30.363202693901798
30.363202693898412
30.363202693897026
30.363202693889548
30.363202693889548
30.363202693875717
30.36320269387393
30.36320269383597
30.36320269383036
30.363202693822767
30.363202693822767
30.363202693822767
30.363202693822767
30.36320269382198
30.363202693821822
30.363202693821822
30.363202693821393
30.363202693817886
30.363202693817886
30.363202693817463
30.363202693817463
30.363202693817417
30.363202693817236
30.36320269381611
30.363202693815968
30.363202693815968
30.363202693815968
30.363202693805682
30.363202693804507
30.36320269379817
30.363202693793163
30.36320269379227
30.36320269379207
30.36320269378302
30.36320269376615
30.363202693743744
30.363202693733804
30.363202693722172
30.36320269369497
30.36320269367848
30.363202693634417
30.36320269356651
30.36320269348507
30.363202693423496
30.363202693349923
30.363202693143197
30.363202693051992
30.363202692937172
30.36320269282011
30.363202692596865
30.363202692328468
30.363202692070207
30.363202691815484
30.363202691749112
30.363202691724833
30.363202691724833
30.363202691694458
30.363202691694458
30.363202691694095
30.36320269168971
30.36320269168971
30.36320269168657
30.36320269168657
30.36320269168582
30.363202691679522
30.363202691679522
30.363202691677422
30.363202691677028
30.363202691674758
30.363202691674758
30.363202691669485
30.363202691669315
30.363202691664732
30.36320269166269
30.36320269166028
30.363202691656465
30.363202691652653
30.363202691650454
30.363202691643924
30.363202691636975
30.363202691632594
30.3632026916302
30.36320269162565
30.36320269162565
30.363202691621744
30.3632026916208
30.36320269161406
30.363202691586928
30.363202691577275
30.363202691574784
30.3632026915395
30.363202691498433
30.363202691415413
30.363202691327377
30.363202691117962
30.363202690880644
30.363202690578706
30.363202690306007
30.363202690195294
30.363202690170382
30.363202690139662
30.363202690045775
30.36320268999067
30.363202689965995
30.363202689965995
30.363202689963074
30.363202689958605
30.363202689955674
30.36320268994338
30.363202689938657
30.36320268993408
30.36320268993352
30.36320268993002
30.363202689927977
30.36320268992697
30.363202689926002
30.363202689924297
30.363202689924297
30.36320268992424
30.363202689923728
30.363202689923288
30.363202689922247
30.363202689922247
30.363202689922016
30.36320268992124
30.363202689917948
30.363202689914882
30.363202689912676
30.363202689909333
30.363202689889466
30.363202689881067
30.363202689866736
30.363202689841597
30.363202689797074
30.36320268975757
30.36320268972376
30.36320268970252
30.363202689638925
30.363202689620277
30.363202689620277
30.363202689618177
30.363202689610713
30.363202689608435
30.36320268960735
30.36320268960182
30.363202689597564
30.363202689583446
30.36320268957962
30.363202689578127
30.36320268957529
30.36320268957244
30.363202689569466
30.36320268956806
30.36320268956641
30.36320268956641
30.363202689565053
30.36320268956496
30.363202689564698
30.36320268956356
30.363202689563096
30.363202689559756
30.3632026895575
30.36320268955661
30.36320268955472
30.363202689550988
30.363202689548046
30.363202689546725
30.363202689538348
30.363202689527295
30.363202689517724
30.363202689496774
30.36320268948416
30.36320268948416
30.36320268948416
30.363202689483998
30.363202689483998
30.36320268948365
30.36320268948365
30.363202689483362
30.363202689481863
30.363202689480453
30.363202689480442
30.363202689480442
30.363202689480442
30.363202689480353
30.36320268948025
30.36320268948025
30.36320268948025
30.36320268948025
30.36320268948025
30.36320268948025
30.36320268948025
30.36320268948025
30.363202689480236
30.36320268948017
30.36320268948017
30.36320268948017
30.36320268948017
30.363202689480143
30.36320268948012
30.36320268948002
30.36320268948
30.36320268947996
30.363202689479774
30.363202689479508
30.363202689479376
30.363202689478815
30.36320268947846
30.36320268947791
30.363202689477173
30.36320268947606
30.363202689475788
30.363202689475475
30.36320268947478
30.36320268947478
30.363202689474463
30.363202689473997
30.363202689473102
30.363202689472267
30.363202689471155
30.363202689468956
30.36320268946703
30.363202689465076
30.363202689463286
30.36320268946148
30.363202689458426
30.363202689455136
30.363202689452997
30.363202689448162
30.36320268943895
30.363202689431464
30.363202689429777
30.36320268942506
30.363202689420337
30.363202689417687
30.363202689413868
30.36320268941227
30.363202689404808
30.363202689401543
30.363202689398435
30.363202689398435
30.363202689393596
30.363202689390807
30.363202689386718
30.36320268936182
30.36320268934585
30.363202689328595
30.36320268929383
30.363202689260017
30.363202689198857
30.363202689125355
30.36320268904044
30.363202688890308
30.363202688745634
30.363202688623527
30.363202688456703
30.363202688273866
30.363202688057555
30.363202687834168
30.36320268764251
30.363202687559383
30.363202687551674
30.363202687536994
30.363202687474164
30.36320268745729
30.36320268745729
30.363202687441493
30.36320268743353
30.363202687429055
30.363202687416063
30.36320268740156
30.36320268738238
30.363202687368915
30.36320268733757
30.363202687329427
30.363202687323387
30.36320268730659
30.36320268730659
30.36320268730465
30.363202687304486
30.36320268729886
30.36320268729886
30.363202687296425
30.363202687296425
30.36320268729446
30.363202687289906
30.363202687289693
30.36320268728786
30.363202687283007
30.363202687279728
30.36320268727826
30.36320268727565
30.36320268726087
30.36320268725118
30.36320268723072
30.36320268721348
30.363202687184486
30.36320268715208
30.3632026871022
30.36320268705904
30.363202687028092
30.363202686985243
30.363202686927163
30.36320268690381
30.363202686790558
30.36320268668238
30.363202686562442
30.363202686436416
30.363202686257083
30.363202686187012
30.36320268612032
30.363202686116637
30.363202686101793
30.36320268608966
30.36320268608026
30.363202686060855
30.363202686047487
30.363202686031077
30.363202686016393
30.363202685943822
30.363202685915656
30.363202685879994
30.363202685858653
30.363202685843973
30.36320268580513
30.36320268578812
30.363202685685724
30.363202685583637
30.36320268546107
30.363202685331807
30.363202685123095
30.363202684913738
30.3632026847045
30.363202684225865
30.36320268391839
30.363202683747108
30.363202683657896
30.363202683590742
30.363202683590742
30.363202683590742
30.363202683588415
30.36320268358311
30.36320268358085
30.36320268357913
30.36320268357913
30.363202683549403
30.36320268353577
30.36320268352112
30.363202683511318
30.36320268348072
30.36320268348072
30.36320268348072
30.363202683457903
30.363202683377498
30.363202683351947
30.36320268331604
30.363202683306675
30.363202683289202
30.36320268327139
30.36320268327139
30.363202683271
30.363202683218255
30.363202683218255
30.363202683215462
30.363202683214848
30.363202683191982
30.36320268312951
30.363202683071023
30.36320268300923
30.363202682959397
30.363202682949353
30.36320268292811
30.363202682904596
30.363202682886847
30.363202682861722
30.363202682812865
30.363202682778148
30.363202682752444
30.363202682752444
30.363202682748874
30.363202682741786
30.363202682729973
30.36320268271922
30.363202682711115
30.36320268268708
30.3632026826692
30.363202682655132
30.36320268263907
30.363202682632078
30.363202682622745
30.363202682609124
30.36320268259649
30.36320268257682
30.363202682558395
30.363202682544426
30.363202682495327
30.36320268246658
30.36320268245092
30.36320268242732
30.363202682419782
30.363202682406367
30.363202682392007
30.363202682343047
30.363202682284633
30.363202682226262
30.36320268222422
30.363202682223616
30.363202682207948
30.36320268217533
30.36320268212263
30.363202682089813
30.363202682089312
30.36320268206348
30.36320268206326
30.36320268203065
30.363202682000754
30.363202681979054
30.363202681958686
30.363202681908234
30.363202681908234
30.363202681908234
30.363202681899594
30.363202681869424
30.363202681823488
30.363202681794498
30.363202681758533
30.363202681723994
30.36320268171033
30.363202681680182
30.36320268166699
30.363202681618635
30.363202681569206
30.363202681525483
30.36320268141084
30.363202681345047
30.36320268123246
30.363202681125223
30.363202680896887
30.363202680757986
30.363202680693597
30.363202680463452
30.36320268022899
30.3632026798545
30.363202679453902
30.363202678464404
30.363202677846267
30.36320267748335
30.363202677305363
30.363202677126637
30.36320267704947
30.36320267704947
30.36320267693271
30.363202676875026
30.36320267676527
30.3632026767526
30.363202676637766
30.363202676477812
30.363202676477812
30.363202676414666
30.36320267639292
30.363202676169013
30.363202676030813
30.363202675719023
30.36320267541799
30.36320267461825
30.36320267360357
30.36320267215882
30.36320267049943
30.36320266798063
30.36320266515404
30.363202662336594
30.363202660909145
30.363202659980743
30.36320265852737
30.363202656679004
30.363202653045466
30.36320265105748
30.363202649368695
30.363202647282094
30.363202644513606
30.363202641086104
30.363202636645198
30.363202634400057
30.363202634400057
30.363202634045308
30.363202633850037
30.363202633220954
30.363202630865988
30.36320263030993
30.363202630155104
30.36320262961844
30.36320262961844
30.363202629320664
30.363202627836642
30.363202625253297
30.363202624381707
30.363202623883886
30.363202622808764
30.36320262085359
30.363202615366635
30.363202608173477
30.363202604084833
30.36320259487382
30.36320258470188
30.363202574251524
30.36320255977546
30.363202545857796
30.36320253716649
30.363202532359676
30.363202523225606
30.363202523225606
30.363202523225606
30.36320252299845
30.363202520562357
30.363202516904263
30.363202515010848
30.363202515010848
30.363202515010848
30.363202515010848
30.363202515010848
30.36320251480097
30.36320251480097
30.36320251329847
30.363202512025232
30.363202510919784
30.36320251005878
30.36320250994916
30.363202509580937
30.36320250933073
30.36320250889558
30.363202508402754
30.36320250828472
30.363202508273456
30.363202508273456
30.363202508155805
30.363202507800093
30.36320250760226
30.36320250627947
30.363202505672543
30.363202505349612
30.363202504912483
30.363202504517243
30.363202504214087
30.363202502631015
30.3632025024824
30.363202502089997
30.363202502089997
30.363202502089997
30.363202502055426
30.363202501863714
30.363202501243016
30.363202500577874
30.363202500191676
30.363202499119225
30.363202499119225
30.363202498376225
30.3632024976956
30.363202496883954
30.363202496667256
30.36320249665954
30.363202496642188
30.36320249653643
30.36320249653643
30.363202496492722
30.363202496491
30.363202496491
30.363202496491
30.363202496486622
30.363202496378534
30.363202496365908
30.363202496296324
30.36320249602752
30.36320249602752
30.363202495415116
30.363202495088952
30.363202494373766
30.363202493616036
30.363202493138
30.36320249291973
30.363202492889656
30.36320249282315
30.3632024927997
30.363202492774047
30.363202492668393
30.363202492665472
30.3632024924891
30.3632024924891
30.3632024924891
30.3632024924891
30.363202492424776
30.363202492296654
30.363202492220267
30.3632024921264
30.36320249202196
30.36320249198931
30.363202491747366
30.36320249143106
30.363202491360617
30.363202491248618
30.3632024908511
30.363202490817528
30.363202490362994
30.363202490226445
30.363202490041544
30.3632024898772
30.363202489865856
30.363202489636684
30.363202489103237
30.363202488843626
30.36320248844776
30.363202488120002
30.363202487702253
30.363202487127005
30.363202486526774
30.36320248596613
30.363202485580175
30.36320248509908
30.363202484729143
30.363202484119668
30.363202483571246
30.363202483503937
30.363202483451143
30.363202483448568
30.36320248306591
30.36320248292221
30.36320248261968
30.36320248175555
30.363202481199963
30.363202480494714
30.36320247992896
30.363202479515483
30.36320247936268
30.363202479274307
30.363202479274307
30.36320247919826
30.36320247919826
30.363202478867773
30.36320247870979
30.36320247799085
30.3632024776093
30.363202477336003
30.36320247689884
30.363202475891306
30.363202475221154
30.363202474150786
30.36320247270324
30.36320247214834
30.363202471490098
30.363202471085625
30.363202471085625
30.363202471085625
30.36320247075458
30.363202470509822
30.363202470309915
30.363202470309915
30.363202470138734
30.363202469912398
30.363202469807483
30.363202469747385
30.36320246959714
30.363202469565373
30.363202469451274
30.36320246913503
30.363202469093537
30.363202468617306
30.363202468309918
30.363202468002637
30.363202467670284
30.363202467639887
30.36320246738907
30.363202466918036
30.363202466622784
30.3632024663268
30.36320246627025
30.36320246627025
30.36320246624586
30.36320246624586
30.363202466229197
30.3632024662047
30.363202466186504
30.363202466159546
30.363202466070927
30.363202466051
30.36320246601122
30.363202465936396
30.363202465808083
30.363202465564513
30.363202465464486
30.363202464940052
30.363202464611575
30.363202463930477
30.363202463461086
30.363202463038608
30.363202462508525
30.36320246164697
30.363202461054684
30.363202460855472
30.36320246052074
30.36320246009362
30.36320245960627
30.36320245914544
30.363202458456712
30.363202457770182
30.36320245687382
30.363202456082544
30.36320245532935
30.363202454635097
30.36320245263282
30.363202451364003
30.363202450514137
30.363202447933617
30.36320244598489
30.36320244451223
30.36320244229741
30.363202441138867
30.36320243841616
30.36320243585167
30.363202434063517
30.36320243332825
30.36320243332825
30.363202431302124
30.363202430174727
30.363202427788984
30.363202420910127
30.363202415823093
30.363202408268652
30.36320239937544
30.363202391802428
30.363202382628227
30.363202380805017
30.363202376462368
30.363202373158508
30.36320236223588
30.363202352436748
30.363202338559038
30.363202329643467
30.363202329643467
30.363202327329006
30.363202324436163
30.3632023241419
30.363202322450935
30.363202320931283
30.36320231761325
30.363202316777635
30.363202316658334
30.363202316405644
30.363202313386168
30.363202310786097
30.363202310786097
30.363202309158197
30.363202307873948
30.363202306948995
30.363202305424142
30.363202303507055
30.363202300530983
30.363202297509183
30.363202297509183
30.36320229321226
30.36320229151068
30.36320229048529
30.36320229007106
30.363202289802743
30.363202288462315
30.363202287005265
30.363202286866247
30.363202286105512
30.363202285929173
30.36320228532985
30.36320228255614
30.363202281165307
30.363202278150993
30.36320227185098
30.36320227185098
30.363202270349603
30.363202264082073
30.363202256146984
30.363202251392615
30.363202250774965
30.36320224618512
30.363202243320057
30.36320223926496
30.363202236598436
30.36320223314143
30.36320223229962
30.36320223229962
30.36320223229962
30.363202232128035
30.363202232128035
30.363202231658985
30.363202231266836
30.36320223114865
30.363202230632705
30.363202230472385
30.363202230189867
30.36320222970455
30.363202228240684
30.363202226981052
30.363202225346157
30.363202220374603
30.363202215106188
30.36320220926687
30.363202201244654
30.36320218987663
30.36320217464407
30.36320215115249
30.3632021263135
30.363202090633926
30.36320204313752
30.363201953872522
30.36320185335883
30.36320173217616
30.363201622276843
30.3632014855476
30.363201375359843
30.363201246328558
30.363201147463503
30.363201048635037
30.363200934320542
30.363200681723825
30.36320049551624
30.363200250920652
30.363200149556018
30.363200066598957
30.363199854890357
30.363199684144373
30.363199490887478
30.363199145661195
30.363198552891046
30.363197911683134
30.363197326767974
30.363197215757033
30.363197122153192
30.363197071696707
30.363197071696707
30.363197071696707
30.363197071696707
30.363197071696707
30.36319704382645
30.36319698926918
30.36319697092807
30.363196948325868
30.363196948325868
30.3631969467523
30.363196902819865
30.363196797106546
30.363196703042085
30.363196630389396
30.363196528460744
30.363196455729042
30.363196386953682
30.363196254471752
30.36319616340172
30.363195916680873
30.363195700826747
30.363195518621033
30.36319548409876
30.36319544546294
30.363195413564352
30.363195413564352
30.36319541209981
30.363195411333955
30.363195411285115
30.363195409820317
30.363195408172498
30.363195407530657
30.36319540682882
30.363195403616995
30.363195401777464
30.363195401441423
30.36319539956919
30.36319539956919
30.363195398960126
30.363195398386832
30.36319539719757
30.36319539169149
30.363195380078764
30.36319537050429
30.363195362313014
30.36319535505305
30.363195346084794
30.363195335402427
30.363195330440096
30.36319531849012
30.363195300773175
30.363195255457708
30.363195210490133
30.363195195102122
30.36319517113234
30.363195124028152
30.36319508888872
30.363195066524465
30.36319506125537
30.363195058863006
30.36319505819809
30.36319505637248
30.36319505637248
30.36319505637248
30.363195056146424
30.363195056146424
30.363195056146424
30.363195056146424
30.363195056146424
30.363195056146424
30.363195056058775
30.363195056058775
30.363195056058775
30.363195056058775
30.363195056058775
30.363195055932373
30.363195055184118
30.363195055184118
30.363195054911035
30.363195054408422
30.363195053990374
30.363195053726482
30.363195053726482
30.363195053726482
30.36319505364507
30.363195053519856
30.363195052985983
30.363195052232918
30.363195051799657
30.363195051470687
30.363195051257776
30.36319505115213
30.36319505077602
30.363195049696547
30.363195049312456
30.363195048712893
30.363195048712893
30.363195048712893
30.363195047358865
30.363195047358865
30.363195047235674
30.363195047074278
30.363195046832466
30.363195046545496
30.363195046545496
30.363195046418817
30.363195046075518
30.3631950458884
30.36319504550846
30.36319504519597
30.363195044700927
30.36319504412253
30.363195043091793
30.36319504271451
30.363195042338422
30.363195041620706
30.36319504103926
30.363195036545985
30.363195026671452
30.36319501581774
30.363195004581947
30.36319499343472
30.36319498228515
30.363194961671823
30.363194943637044
30.363194934291613
30.36319492376328
30.36319492223473
30.36319491864334
30.36319491864334
30.36319491864334
30.36319491864334
30.36319491793034
30.36319491793034
30.363194917367707
30.363194917367707
30.363194916401646
30.363194916401646
30.363194916319227
30.363194916068668
30.363194915240634
30.363194915240634
30.36319491472311
30.36319491230666
30.36319491090622
30.363194906424926
30.363194904499117
30.363194904499117
30.36319490386034
30.36319490366931
30.36319490366931
30.363194903652197
30.36319490356024
30.363194903532488
30.36319490352946
30.36319490352946
30.363194903521638
30.36319490337991
30.363194903334875
30.363194903334875
30.36319490327418
30.36319490327418
30.36319490325837
30.363194903250346
30.363194903250346
30.363194903244466
30.36319490324396
30.36319490324396
30.36319490324396
30.36319490324396
30.36319490324396
30.363194903243276
30.363194903241162
30.363194903236707
30.363194903236327
30.363194903235755
30.363194903235755
30.363194903235627
30.36319490323266
30.36319490323266
30.363194903231967
30.363194903230443
30.36319490322867
30.363194903227956
30.363194903227697
30.363194903227697
30.363194903227697
30.363194903227313
30.363194903227313
30.363194903226933
30.363194903226933
30.36319490322692
30.36319490322656
30.363194903226347
30.36319490322607
30.363194903225608
30.36319490322542
30.36319490322288
30.36319490322212
30.363194903220947
30.36319490322059
30.36319490322028
30.363194903219497
30.36319490321891
30.363194903218822
30.363194903218247
30.3631949032181
30.3631949032181
30.36319490321798
30.363194903217966
30.363194903217966
30.363194903217906
30.363194903217835
30.36319490321782
30.363194903217803
30.363194903217757
30.36319490321762
30.363194903217472
30.36319490321661
30.363194903216172
30.363194903216172
30.363194903216172
30.363194903216172
30.363194903216172
30.3631949032161
30.363194903215998
30.363194903215703
30.36319490321529
30.36319490321487
30.363194903214602
30.363194903214602
30.36319490321437
30.363194903213707
30.36319490321176
30.363194903209568
30.363194903207187
30.363194903205205
30.36319490320411
30.363194903203436
30.363194903202604
30.3631949032022
30.363194903201183
30.363194903198167
30.363194903190003
30.363194903185764
30.3631949031712
30.36319490315952
30.363194903151758
30.363194903137316
30.3631949031343
30.36319490313349
30.36319490313349
30.363194903133046
30.36319490313251
30.36319490313012
30.36319490312914
30.36319490312914
30.363194903121702
30.363194903113808
30.363194903106873
30.363194903099537
30.3631949030952
30.3631949030952
30.3631949030952
30.363194903094207
30.363194903092417
30.363194903091042
30.36319490308844
30.363194903084505
30.363194903077602
30.363194903073023
30.363194903071125
30.363194903071125
30.363194903069022
30.363194903041947
30.36319490301099
30.363194902975323
30.36319490295065
30.36319490295065
30.363194902948106
30.363194902932232
30.363194902925077
30.363194902913122
30.36319490289648
30.36319490287711
30.36319490284225
30.363194902823995
30.36319490280674
30.363194902790745
30.363194902776076
30.363194902771244
30.363194902767884
30.363194902762803
30.36319490275822
30.36319490275822
30.363194902756614
30.363194902754064
30.363194902751204
30.363194902751204
30.36319490275093
30.363194902748095
30.363194902740453
30.363194902727855
30.363194902718043
30.36319490267763
30.363194902606597
30.363194902562906
30.36319490252615
30.363194902522388
30.36319490251263
30.363194902490715
30.363194902477098
30.363194902470738
30.363194902454385
30.363194902394866
30.363194902359897
30.363194902282142
30.363194902204274
30.3631949019998
30.36319490183352
30.36319490135336
30.36319490115345
30.363194901084206
30.363194900975802
30.36319490095781
30.363194900910948
30.363194900910763
30.363194900905782
30.363194900905782
30.363194900893312
30.363194900870614
30.363194900861593
30.36319490086023
30.363194900848335
30.363194900846203
30.363194900838305
30.363194900838305
30.363194900838305
30.363194900838305
30.363194900836554
30.363194900836554
30.363194900836554
30.36319490083573
30.36319490083573
30.36319490083254
30.36319490082926
30.3631949008245
30.363194900820638
30.363194900819863
30.363194900816247
30.363194900811752
30.363194900809365
30.363194900803798
30.36319490077987
30.363194900768566
30.363194900746304
30.36319490072559
30.36319490070239
30.363194900698463
30.363194900676838
30.36319490066902
30.363194900652097
30.363194900649933
30.363194900646107
30.363194900646107
30.363194900639122
30.363194900637406
30.363194900637406
30.363194900636095
30.363194900629537
30.363194900629537
30.36319490062664
30.36319490061676
30.363194900597495
30.363194900591083
30.36319490058996
30.363194900589647
30.363194900589303
30.36319490058917
30.363194900588745
30.363194900586894
30.363194900582272
30.363194900579643
30.36319490057857
30.36319490057857
30.36319490057857
30.363194900577238
30.363194900577238
30.363194900576392
30.36319490057418
30.363194900573035
30.36319490057281
30.3631949005727
30.363194900569155
30.363194900569017
30.36319490055589
30.363194900532203
30.36319490051472
30.363194900514355
30.36319490050587
30.363194900499938
30.363194900498332
30.363194900485233
30.36319490048379
30.363194900483535
30.363194900479833
30.363194900479833
30.36319490047852
30.363194900478142
30.363194900476763
30.363194900476763
30.363194900475328
30.363194900471115
30.363194900468667
30.363194900468667
30.363194900468667
30.363194900468535
30.363194900468525
30.363194900468518
30.363194900468024
30.36319490046743
30.363194900466993
30.363194900466766
30.363194900466766
30.363194900466603
30.363194900466603
30.363194900465967
30.363194900465967
30.36319490046593
30.363194900465597
30.363194900465352
30.36319490046523
30.36319490046469
30.36319490046431
30.36319490046326
30.3631949004626
30.36319490046143
30.363194900460794
30.363194900460613
30.363194900460538
30.36319490046046
30.363194900460417
30.36319490046037
30.36319490046023
30.36319490046011
30.36319490045998
30.36319490045998
30.363194900459916
30.363194900459884
30.363194900459725
30.363194900459572
30.363194900459558
30.363194900459558
30.36319490045945
30.363194900459423
30.36319490045933
30.363194900459224
30.363194900459092
30.36319490045901
30.363194900458943
30.363194900458648
30.36319490045838
30.363194900457913
30.36319490045752
30.363194900457035
30.363194900456495
30.36319490045622
30.363194900455746
30.3631949004556
30.36319490045516
30.363194900454772
30.363194900454427
30.36319490045389
30.363194900452726
30.36319490045219
30.36319490045156
30.363194900450477
30.363194900449546
30.363194900447237
30.363194900446093
30.363194900444668
30.36319490044365
30.363194900441687
30.363194900440075
30.363194900438277
30.36319490043561
30.3631949004294
30.363194900422965
30.36319490040654
30.363194900398547
30.363194900382364
30.363194900365233
30.36319490034779
30.363194900315985
30.363194900283204
30.36319490021707
30.36319490014382
30.363194900041986
30.363194899949658
30.363194899826752
30.363194899705324
30.363194899639666
30.36319489956151
30.363194899530427
30.363194899515644
30.363194899342584
30.36319489930405
30.36319489930405
30.363194899301767
30.36319489926885
30.363194899246064
30.363194899207834
30.363194899203524
30.363194899186645
30.36319489917266
30.36319489917266
30.36319489916516
30.363194899156802
30.363194899145114
30.363194899143387
30.36319489914194
30.363194899101465
30.363194899039247
30.3631948989696
30.363194898928658
30.36319489885985
30.36319489877959
30.363194898671587
30.36319489859049
30.36319489849511
30.363194898310038
30.363194898096086
30.36319489787155
30.363194897652424
30.3631948974604
30.36319489733276
30.363194897249407
30.36319489695909
30.36319489688433
30.36319489670899
30.363194896508364
30.36319489629796
30.363194895991075
30.363194895976985
30.363194895830112
30.363194895729784
30.3631948954131
30.363194895198866
30.363194894899326
30.36319489483766
30.36319489472495
30.36319489472495
30.363194894651492
30.363194894503376
30.363194894347345
30.36319489414873
30.36319489397647
30.36319489355445
30.363194893418395
30.36319489303167
30.363194892621323
30.363194892347167
30.363194891924916
30.363194891350595
30.363194890942232
30.363194890430126
30.363194889777358
30.3631948894088
30.36319488893585
30.363194888434847
30.363194888130085
30.363194887752382
30.363194887491932
30.363194887278176
30.363194887198915
30.36319488706227
30.3631948869213
30.363194886698007
30.363194886597245
30.363194886556
30.363194886129723
30.363194885933765
30.36319488554639
30.36319488506646
30.36319488457639
30.36319488420234
30.36319488397622
30.363194883555728
30.36319488322727
30.363194882244315
30.363194881644805
30.363194881269294
30.363194879918986
30.363194879334955
30.363194878732592
30.363194878194726
30.36319487796674
30.363194877650113
30.36319487744571
30.36319487636414
30.363194869275375
30.363194867074114
30.36319486370064
30.363194862104297
30.36319485436024
30.36319484708487
30.36319483912564
30.36319483128456
30.36319482107599
30.363194816237772
30.363194810063714
30.363194808867316
30.363194803783433
30.363194802161786
30.363194801720308
30.363194801720308
30.363194801609712
30.363194801318553
30.36319480090458
30.363194800015926
30.363194798114616
30.36319479789431
30.363194796818227
30.36319479680327
30.36319479680327
30.36319479680327
30.36319479664048
30.36319479664048
30.36319479650277
30.36319479625369
30.36319479541166
30.36319479523193
30.36319479399038
30.363194791660348
30.363194787561568
30.363194785878623
30.363194781945534
30.36319477492109
30.363194762387977
30.363194751680084
30.36319474170871
30.363194732786198
30.363194729337884
30.363194721982218
30.36319470370205
30.363194673097595
30.363194641416644
30.36319460901462
30.363194576235365
30.363194524454407
30.3631944197875
30.363194332027902
30.363194248222165
30.36319412164969
30.36319409142245
30.363193972863442
30.36319392162136
30.36319392162136
30.36319390350924
30.36319388673014
30.36319388567662
30.363193866750887
30.36319384732942
30.36319384072892
30.36319384072892
30.36319384072892
30.36319384072892
30.36319384072892
30.36319384072892
30.36319383862508
30.36319383862508
30.363193837776333
30.36319383172273
30.363193831679023
30.3631938288893
30.3631938288893
30.3631938288893
30.363193826916174
30.363193825948095
30.363193825948095
30.363193825514752
30.36319382550175
30.36319382506447
30.363193823994916
30.363193823093255
30.363193823093255
30.363193823078255
30.363193823078255
30.36319382282267
30.36319382218257
30.36319382164703
30.363193820965495
30.363193818213357
30.363193814217627
30.363193807721807
30.363193806545347
30.363193803574447
30.363193801865208
30.36319380140737
30.36319380140737
30.363193801109908
30.363193800215353
30.363193799149087
30.363193796080115
30.36319379479434
30.363193793604008
30.363193792476473
30.363193790495735
30.363193790495735
30.363193790289177
30.363193790034973
30.363193790034973
30.363193789712906
30.363193789364157
30.363193787883652
30.36319378756969
30.363193787156785
30.363193784748724
30.363193783817888
30.36319378214981
30.36319377763061
30.36319377763061
30.363193777220303
30.363193775788517
30.3631937710561
30.363193770948957
30.363193768879114
30.363193768879114
30.36319376874785
30.36319376766246
30.363193767465436
30.36319376734894
30.363193766301116
30.36319376259441
30.36319376259441
30.36319376094824
30.36319375859334
30.36319375859334
30.363193758422558
30.363193757726428
30.36319375682919
30.36319375654662
30.363193756040243
30.36319375590152
30.363193755876107
30.363193755573217
30.36319375506467
30.36319375422186
30.363193753802094
30.363193751270362
30.363193749507417
30.363193748788614
30.3631937483975
30.36319374629495
30.363193744525116
30.363193741252697
30.36319374018594
30.363193739189565
30.36319373895224
30.36319373895224
30.363193738777724
30.363193738355346
30.36319373798493
30.363193737442902
30.363193737255287
30.363193737203144
30.363193737203144
30.363193737144602
30.36319373711811
30.363193736842362
30.363193736715946
30.363193736690054
30.363193736690054
30.36319373668274
30.36319373658113
30.36319373649015
30.36319373647139
30.363193736175205
30.36319373592318
30.363193734906336
30.363193734517832
30.363193734458935
30.363193734201882
30.363193734145547
30.363193734145547
30.36319373414095
30.363193734130633
30.363193733948048
30.363193733200085
30.363193732386996
30.363193732357217
30.3631937317875
30.36319373139295
30.363193730914933
30.363193729562145
30.36319372934892
30.36319372934892
30.363193729078144
30.363193728812217
30.363193727944953
30.36319372677788
30.36319372604868
30.363193725752364
30.363193725361505
30.363193724844635
30.363193723826427
30.363193723322897
30.363193722548562
30.363193719587663
30.363193718093207
30.36319371644923
30.36319371305893
30.363193711089373
30.363193707018706
30.36319370255469
30.363193699572157
30.363193695841687
30.363193691822776
30.363193687707025
30.363193678222906
30.363193670146302
30.363193661313236
30.363193654254978
30.36319362905052
30.363193611690274
30.36319358126306
30.36319355101111
30.36319350155702
30.363193452414535
30.363193407720434
30.36319337302912
30.363193295072897
30.363193266373568
30.363193266373568
30.36319325968038
30.36319321909656
30.363193194220745
30.36319314347783
30.36319312635603
30.363193116238616
30.36319307278786
30.36319307278786
30.363193058344038
30.363193009278042
30.363192987490002
30.363192939129288
30.36319279078594
30.36319279078594
30.363192761987506
30.36319267368286
30.36319260746169
30.363192550350988
30.363192465930457
30.363192368040686
30.363192335193325
30.363192319200543
30.363192319200543
30.363192319200543
30.36319230473307
30.36319230473307
30.363192304680474
30.363192304445285
30.363192304445285
30.36319229729634
30.36319229729634
30.36319229729634
30.36319229729634
30.36319229729634
30.36319229522242
30.3631922948875
30.3631922886708
30.363192282202952
30.36319227250385
30.36319226599198
30.363192247342933
30.363192236045975
30.363192228744623
30.3631922211235
30.363192213029446
30.363192188577376
30.363192174093108
30.363192143854217
30.36319212858855
30.363192102082067
30.363192076348774
30.363192053263806
30.363192019985284
30.36319199342767
30.363191969473874
30.363191969473874
30.363191963936924
30.363191960193806
30.3631919520379
30.363191937184165
30.363191933737895
30.363191924551387
30.363191907387595
30.36319188401952
30.363191840248398
30.363191807236433
30.36319177034406
30.363191718572942
30.363191663806962
30.36319163620117
30.36319155394155
30.363191385013213
30.363191158484327
30.363191032324707
30.363190729221543
30.36319056080889
30.36319043316895
30.363190231149197
30.363190070166432
30.363189988250863
30.36318989040157
30.36318989040157
30.363189830327755
30.36318980597917
30.36318978702834
30.36318978702834
30.363189783690558
30.36318978041322
30.363189759787936
30.36318968207669
30.36318963754331
30.36318955899479
30.363189488931337
30.363189433871238
30.363189379121845
30.363189333427055
30.363189295753525
30.36318925357338
30.36318920489708
30.36318913813799
30.36318909081876
30.3631890038748
30.36318896396159
30.363188925877967
30.363188918161878
30.36318890259411
30.36318890259411
30.36318889564919
30.363188893325574
30.363188886978538
30.363188880646142
30.3631888664135
30.363188862246968
30.363188859430274
30.363188859098095
30.363188857770755
30.36318884824295
30.363188847257273
30.36318884288589
30.363188823693203
30.363188813860955
30.36318880865389
30.363188806081467
30.36318879734767
30.36318879734767
30.3631887837772
30.3631887837772
30.363188776124783
30.363188769333096
30.36318876300676
30.36318874821733
30.363188735059538
30.363188705238738
30.36318867120894
30.363188630235125
30.363188586468578
30.363188533718795
30.363188525387006
30.363188468598665
30.36318842818074
30.363188395010575
30.36318831580501
30.363188227218192
30.363188171137697
30.363188047794196
30.36318803129667
30.36318801877129
30.363188007575094
30.36318799618379
30.363187983432773
30.363187983432773
30.36318797800244
30.36318797800244
30.36318797800244
30.36318797800244
30.363187976952357
30.36318797384363
30.36318797357991
30.363187973460924
30.363187971959157
30.363187971246788
30.363187970599842
30.363187970176547
30.36318796867487
30.36318796867487
30.363187968183606
30.363187967941798
30.363187966233397
30.363187962837106
30.363187962505087
30.363187962505087
30.363187961285416
30.363187961195916
30.363187961174887
30.36318796108551
30.36318796108551
30.36318796108551
30.363187960859147
30.363187960857335
30.363187960857335
30.363187960857335
30.363187960857335
30.36318796083431
30.36318796082248
30.363187960765718
30.36318796074943
30.36318796074943
30.36318796074943
30.36318796072533
30.363187960658014
30.36318796065704
30.36318796065704
30.36318796065704
30.36318796065704
30.363187960642033
30.36318796059021
30.363187960568734
30.363187960565753
30.363187960538497
30.363187960538497
30.36318796052657
30.363187960520694
30.363187960518378
30.363187960515777
30.36318796051322
30.36318796051322
30.36318796050715
30.363187960500596
30.363187960500596
30.363187960500596
30.363187960500596
30.363187960500152
30.363187960499705
30.36318796049936
30.363187960497267
30.363187960497267
30.363187960496177
30.363187960496177
30.363187960495868
30.36318796049534
30.36318796049519
30.36318796049519
30.36318796049476
30.36318796049476
30.363187960494592
30.363187960492635
30.363187960492635
30.363187960492127
30.363187960492127
30.363187960490375
30.363187960490375
30.363187960489828
30.3631879604896
30.363187960489547
30.36318796048933
30.36318796048933
30.363187960489185
30.363187960489185
30.363187960489082
30.363187960489082
30.363187960489082
30.363187960489082
30.36318796048891
30.363187960488887
30.363187960488887
30.363187960488837
30.363187960488826
30.363187960488826
30.36318796048882
30.36318796048881
30.363187960488784
30.363187960488784
30.363187960488784
30.36318796048867
30.36318796048861
30.36318796048861
30.363187960488542
30.36318796048838
30.363187960488002
30.363187960487974
30.363187960487856
30.36318796048727
30.36318796048688
30.36318796048618
30.363187960484815
30.36318796048397
30.363187960482943
30.363187960481376
30.363187960480776
30.363187960479816
30.363187960479106
30.363187960477752
30.363187960476875
30.363187960476466
30.363187960475035
30.36318796047459
30.363187960473873
30.363187960473116
30.36318796047225
30.363187960470903
30.363187960470615
30.363187960469762
30.363187960468867
30.363187960468235
30.36318796046748
30.36318796046719
30.36318796046693
30.363187960465766
30.363187960464725
30.363187960464725
30.363187960463993
30.363187960463545
30.363187960461143
30.363187960458887
30.363187960455534
30.36318796045232
30.36318796044683
30.363187960443657
30.363187960436765
30.36318796043156
30.363187960427236
30.363187960426757
30.363187960425677
30.363187960424888
30.363187960423467
30.363187960423378
30.36318796041986
30.3631879604167
30.363187960415885
30.36318796041336
30.36318796041302
30.363187960410063
30.363187960403934
30.363187960400165
30.363187960398164
30.363187960394356
30.363187960390565
30.363187960389567
30.363187960387272
30.363187960382678
30.363187960380802
30.3631879603776
30.363187960368453
30.363187960360733
30.36318796035377
30.3631879603485
30.363187960344703
30.363187960342866
30.36318796033392
30.363187960331885
30.36318796032762
30.363187960312406
30.36318796029796
30.36318796028689
30.36318796028689
30.363187960279465
30.36318796027603
30.363187960272914
30.363187960271524
30.363187960271524
30.36318796027067
30.363187960270476
30.363187960270476
30.363187960270476
30.363187960269865
30.363187960269865
30.363187960269865
30.363187960269542
30.363187960269354
30.363187960268906
30.363187960268352
30.36318796026799
30.36318796026591
30.363187960264902
30.36318796026353
30.36318796026285
30.363187960254034
30.363187960250855
30.363187960243717
30.36318796023861
30.363187960231183
30.36318796022291
30.36318796021557
30.36318796020449
30.36318796019755
30.363187960189023
30.363187960185247
30.363187960175782
30.363187960168997
30.36318796016165
30.363187960158694
30.363187960156996
30.363187960155003
30.363187960151084
30.363187960148952
30.363187960147094
30.363187960138546
30.363187960135033
30.363187960135033
30.363187960131967
30.363187960122445
30.36318796011664
30.363187960114946
30.36318796010912
30.36318796009537
30.363187960085433
30.363187960070746
30.363187960058724
30.36318796002612
30.363187959993663
30.36318795996131
30.363187959905016
30.36318795986013
30.363187959801675
30.3631879597596
30.36318795974781
30.363187959737957
30.363187959737957
30.36318795973586
30.36318795973586
30.36318795972296
30.363187959717852
30.363187959717852
30.363187959712526
30.3631879597053
30.363187959704465
30.363187959704465
30.363187959697893
30.363187959696926
30.363187959696926
30.36318795969685
30.363187959695598
30.363187959693164
30.3631879596882
30.363187959687842
30.363187959687842
30.363187959687565
30.36318795968696
30.363187959686552
30.363187959685984
30.36318795968532
30.36318795968532
30.36318795968528
30.36318795968518
30.36318795968518
30.36318795968518
30.36318795968512
30.36318795968512
30.363187959684993
30.363187959684584
30.363187959684584
30.36318795968449
30.36318795968449
30.36318795968442
30.363187959684353
30.363187959682044
30.363187959680044
30.363187959676644
30.36318795967502
30.36318795967255
30.36318795967045
30.36318795966655
30.363187959666142
30.363187959663556
30.363187959659935
30.363187959655967
30.363187959650396
30.363187959644815
30.363187959636605
30.363187959632786
30.363187959624806
30.363187959613654
30.363187959609316
30.363187959607146
30.36318795959782
30.363187959580262
30.36318795956115
30.363187959541733
30.363187959532585
30.36318795952991
30.363187959528826
30.363187959514793
30.36318795950982
30.363187959502884
30.363187959485476
30.363187959479585
30.363187959470945
30.363187959459502
30.363187959452898
30.363187959444357
30.363187959422046
30.363187959407366
30.363187959403703
30.36318795936774
30.36318795934415
30.36318795933085
30.363187959306092
30.36318795927854
30.363187959258408
30.36318795924591
30.36318795924591
30.36318795924591
30.36318795924524
30.36318795924382
30.363187959241206
30.363187959238818
30.363187959232622
30.36318795922274
30.36318795921881
30.36318795921395
30.363187959205725
30.363187959195894
30.36318795918747
30.363187959184057
30.363187959170755
30.36318795916012
30.36318795914758
30.363187959131157
30.36318795911827
30.363187959101044
30.363187959086954
30.36318795907287
30.363187959056035
30.363187959048656
30.36318795903129
30.363187958993507
30.363187958988906
30.36318795893779
30.363187958898884
30.36318795881995
30.363187958757038
30.36318795869581
30.363187958658354
30.36318795857535
30.36318795848503
30.363187958393024
30.363187958298525
30.363187958142625
30.36318795805414
30.36318795795747
30.36318795783594
30.363187957754167
30.363187957577036
30.36318795731005
30.363187957062507
30.363187957035922
30.363187956989968
30.36318795696672
30.363187956857164
30.36318795674736
30.363187956589833
30.363187956449703
30.363187956295363
30.363187956189822
30.363187956143104
30.363187956120377
30.36318795609542
30.36318795609542
30.36318795609542
30.36318795609523
30.3631879560888
30.3631879560888
30.3631879560888
30.3631879560884
30.3631879560884
30.3631879560884
30.363187956079877
30.363187956079877
30.363187956060088
30.363187956037038
30.363187956018912
30.363187955998317
30.363187955981534
30.363187955944106
30.36318795593959
30.363187955913464
30.363187955838725
30.363187955824724
30.363187955795798
30.363187955789332
30.363187955660734
30.363187955566307
30.36318795541042
30.36318795514164
30.36318795497732
30.363187954593453
30.363187954296887
30.36318795368971
30.363187953229065
30.363187952609064
30.363187952128968
30.36318795198781
30.36318795155039
30.363187951284516
30.3631879507338
30.363187950004612
30.363187948874838
30.36318794772309
30.363187947219526
30.363187946654925
30.363187945898407
30.363187945122796
30.363187942947075
30.36318794197258
30.36318794197258
30.363187941729784
30.363187939839083
30.363187938049805
30.363187936133144
30.36318793548875
30.363187934763367
30.363187934638862
30.3631879341704
30.363187933787096
30.363187933711732
30.36318793365959
30.36318793365959
30.36318793365959
30.36318793365959
30.36318793364738
30.363187933594933
30.363187933594933
30.36318793359034
30.36318793359034
30.363187933584353
30.363187933582214
30.363187933582214
30.363187933582214
30.363187933582214
30.363187933570885
30.363187933555654
30.363187933555654
30.363187933555654
30.36318793354681
30.363187933541923
30.363187933533606
30.363187933525346
30.363187933499724
30.363187933497432
30.363187933497432
30.36318793348614
30.363187933459088
30.363187933416643
30.363187933411297
30.363187933411297
30.363187933386662
30.363187933304108
30.363187933122354
30.363187933025923
30.363187932935862
30.363187932851517
30.363187932775794
30.363187932775794
30.363187932764895
30.363187932759242
30.36318793268937
30.36318793250619
30.363187932452323
30.363187932438017
30.363187932409016
30.363187932377517
30.363187932365157
30.363187932296544
30.36318793223933
30.363187932191863
30.363187932062534
30.36318793203995
30.36318793192113
30.363187931808856
30.363187931703965
30.363187931703965
30.36318793168486
30.36318793167229
30.363187931649037
30.363187931643452
30.363187931640628
30.363187931640628
30.363187931637746
30.363187931637746
30.363187931637746
30.363187931637196
30.363187931636137
30.363187931635736
30.363187931635736
30.363187931635167
30.363187931635167
30.363187931634716
30.3631879316325
30.363187931631987
30.36318793163141
30.36318793163059
30.363187931629795
30.3631879316294
30.363187931628875
30.363187931628737
30.363187931628485
30.363187931628485
30.363187931626374
30.363187931624058
30.36318793162255
30.36318793162206
30.36318793161966
30.36318793161805
30.3631879316138
30.363187931612682
30.363187931606983
30.363187931599015
30.363187931586378
30.363187931577162
30.363187931557107
30.363187931548413
30.36318793150746
30.363187931503532
30.363187931503532
30.363187931498313
30.36318793149135
30.36318793148507
30.36318793148306
30.36318793148112
30.363187931480677
30.363187931480606
30.36318793148009
30.36318793147981
30.36318793147981
30.363187931479526
30.363187931475633
30.363187931465472
30.363187931450458
30.36318793144633
30.363187931419837
30.36318793140124
30.363187931368465
30.36318793136034
30.36318793135785
30.363187931353696
30.363187931350964
30.363187931349582
30.363187931346324
30.363187931346292
30.363187931337546
30.363187931337546
30.36318793133547
30.363187931332895
30.36318793132529
30.363187931311852
30.363187931300242
30.363187931294505
30.36318793128663
30.363187931270982
30.363187931266697
30.36318793125374
30.363187931234155
30.363187931220853
30.363187931215617
30.36318793120324
30.3631879312012
30.363187931164262
30.3631879311538
30.36318793111496
30.363187931087275
30.363187931029152
30.363187930994474
30.36318793093178
30.363187930893325
30.363187930840517
30.363187930783038
30.36318793075498
30.363187930730078
30.363187930730078
30.36318793070825
30.363187930700395
30.363187930688618
30.363187930684177
30.363187930680688
30.363187930678723
30.363187930678723
30.36318793067556
30.36318793067556
30.363187930675352
30.363187930675352
30.36318793067244
30.363187930669067
30.36318793066769
30.36318793066725
30.363187930667248
30.363187930666175
30.363187930666175
30.363187930664996
30.36318793066207
30.363187930659972
30.363187930654377
30.36318793064825
30.363187930641548
30.363187930635963
30.363187930623447
30.363187930612213
30.36318793060317
30.363187930588765
