2.2140270593329674E8
2.2140270593329674E8
2.2140270593329674E8
2.212187673806206E8
1.7169901269993234E8
1.3171391155534042E8
1.0234091028485967E8
8.194338787517269E7
6.283861737727543E7
4.915356415688778E7
3.611348243867379E7
2.4293059231339395E7
2.1048166150291838E7
1.309664717988576E7
5600108.580728003
4569111.454867253
3041677.6578170555
1738669.3293938744
957724.6441888867
663694.650930947
501459.4535097387
345862.299957297
400308.5340163491
321445.2720425467
300832.1061523964
300832.1061523964
288277.86143910134
206006.08472422638
163357.39324659234
116459.60038241021
116459.60038241021
40882.842739439984
85086.20054186288
90103.70611681917
85316.9862291105
64973.26624510476
65444.08734086042
40496.2915403127
40496.2915403127
37284.376955076485
30313.802489345246
33907.970408136774
33907.970408136774
33907.970408136774
36844.89813026206
7214.60448386681
7214.60448386681
7214.60448386681
31271.856557747185
20904.38236711794
21275.717320857482
19994.88448557878
28713.188498744155
4003.8332067415154
4003.8332067415154
4003.8332067415154
4003.8332067415154
4003.8332067415154
4003.8332067415154
14574.960045458527
11823.930655860846
11823.930655860846
10130.44911093042
8361.023868003076
8361.023868003076
8361.023868003076
8361.023868003076
8823.11621846251
11681.209951259323
8555.175438892313
8555.175438892313
8555.175438892313
5991.570577123752
5991.570577123752
7245.49587197094
7245.49587197094
7245.49587197094
7245.49587197094
7823.307384147936
7213.54088797202
6198.1576860125015
6198.1576860125015
6198.1576860125015
6198.1576860125015
3118.4606225849243
3118.4606225849243
3118.4606225849243
3118.4606225849243
3118.4606225849243
3118.4606225849243
3118.4606225849243
3118.4606225849243
3118.4606225849243
3118.4606225849243
3118.4606225849243
3118.4606225849243
3118.4606225849243
5095.185448174577
4694.3192292868625
3978.161337250423
3978.161337250423
3978.161337250423
3978.161337250423
3978.161337250423
3978.161337250423
4204.269995738238
5055.0880183891495
5055.0880183891495
3978.161337250423
3978.161337250423
3978.161337250423
3923.8652656861977
4003.8332067415154
2544.6919091638333
2544.6919091638333
2544.6919091638333
2544.6919091638333
3546.5372351703445
3612.368285168224
3612.368285168224
3612.368285168224
3612.368285168224
3679.77524735095
2526.9876076205724
3197.4019273560652
3197.4019273560652
3014.2107231148093
3153.440942490196
2887.0536043287357
2899.5603508161444
1500.5222806498653
1500.5222806498653
2023.7382579685634
2023.7382579685634
2023.7382579685634
1644.325323428493
616.1781764577441
616.1781764577441
616.1781764577441
616.1781764577441
1472.7955421813915
1472.7955421813915
1425.4717663548236
1312.0773624265469
1312.0773624265469
1312.0773624265469
1312.0773624265469
1312.0773624265469
1312.0773624265469
1312.0773624265469
1312.0773624265469
1312.0773624265469
1312.0773624265469
1312.0773624265469
1299.076386352911
1299.076386352911
1299.076386352911
1299.076386352911
1299.076386352911
1348.0293917523138
1140.5316486559043
908.367902736086
908.367902736086
794.4124798495567
794.4124798495567
794.4124798495567
794.4124798495567
790.1638620970704
616.550484639868
616.550484639868
616.550484639868
616.550484639868
743.516463210222
743.516463210222
743.516463210222
743.516463210222
452.13210239401036
452.13210239401036
452.13210239401036
452.13210239401036
452.13210239401036
452.13210239401036
452.13210239401036
452.13210239401036
452.13210239401036
452.13210239401036
452.13210239401036
452.13210239401036
452.13210239401036
452.13210239401036
693.2675184434655
693.2675184434655
490.45383125542776
490.45383125542776
490.45383125542776
490.45383125542776
490.45383125542776
490.45383125542776
490.45383125542776
490.45383125542776
490.45383125542776
490.45383125542776
490.45383125542776
490.45383125542776
490.45383125542776
490.45383125542776
490.45383125542776
490.45383125542776
490.45383125542776
490.45383125542776
490.45383125542776
490.45383125542776
490.45383125542776
490.45383125542776
490.45383125542776
490.45383125542776
490.45383125542776
490.45383125542776
490.45383125542776
490.45383125542776
490.45383125542776
490.45383125542776
490.45383125542776
490.45383125542776
490.45383125542776
490.45383125542776
490.45383125542776
807.0984571629258
589.6684430068967
610.7097523305947
607.5245114642679
537.9107542960834
537.9107542960834
537.9107542960834
537.9107542960834
537.9107542960834
537.9107542960834
532.6912464214597
532.6912464214597
532.6912464214597
532.6912464214597
532.6912464214597
488.6288055903831
488.6288055903831
488.6288055903831
488.6288055903831
488.6288055903831
488.6288055903831
488.6288055903831
488.6288055903831
488.6288055903831
488.6288055903831
537.7888206986534
537.7888206986534
490.45383125542776
490.45383125542776
490.45383125542776
490.45383125542776
490.45383125542776
490.45383125542776
490.45383125542776
485.0418013524098
485.0418013524098
485.0418013524098
485.0418013524098
485.0418013524098
534.1896104026804
486.41753267382137
486.0704506775417
486.0704506775417
469.5684093400121
469.5684093400121
423.2189472846485
423.2189472846485
423.19178489672373
423.19178489672373
413.7772779533227
413.7772779533227
413.7772779533227
413.7772779533227
413.7772779533227
413.7772779533227
413.7772779533227
413.7772779533227
413.7772779533227
413.7772779533227
413.7772779533227
413.7772779533227
413.7772779533227
413.7772779533227
413.7772779533227
413.7772779533227
413.7772779533227
413.7772779533227
413.7772779533227
413.7772779533227
413.7772779533227
413.7772779533227
413.7772779533227
436.1846705958017
413.7772779533227
413.7772779533227
436.59486605094935
413.7772779533227
317.4185902765457
317.4185902765457
317.4185902765457
317.4185902765457
317.4185902765457
317.4185902765457
402.3389979114074
395.08583189771235
384.356831611718
384.356831611718
395.08583189771235
362.36683289269655
362.36683289269655
362.36683289269655
362.36683289269655
351.2438626954345
351.2438626954345
341.9993933311287
341.9993933311287
341.9993933311287
341.9993933311287
334.64876653117386
334.64876653117386
334.64876653117386
334.64876653117386
334.64876653117386
334.64876653117386
334.40243119343745
334.40243119343745
318.30148630652025
318.30148630652025
318.30148630652025
318.30148630652025
318.30148630652025
318.30148630652025
318.30148630652025
318.30148630652025
318.30148630652025
318.30148630652025
318.30148630652025
318.30148630652025
318.30148630652025
318.30148630652025
318.30148630652025
318.30148630652025
318.30148630652025
318.30148630652025
318.30148630652025
318.30148630652025
318.30148630652025
318.30148630652025
318.30148630652025
318.30148630652025
328.1976204594048
317.86590021009545
349.14794737685224
317.85879449231174
317.85879449231174
317.85879449231174
317.85879449231174
312.84928525438
312.84928525438
312.84928525438
312.84928525438
312.84928525438
312.84928525438
314.9985457838579
314.9985457838579
310.26472585131387
310.26472585131387
300.50258542807325
300.50258542807325
299.2758401151981
299.2758401151981
299.2758401151981
299.2758401151981
299.2758401151981
298.11666539721574
297.85595558271564
297.85595558271564
297.85595558271564
216.54927138378287
216.54927138378287
216.54927138378287
216.54927138378287
216.54927138378287
216.54927138378287
216.54927138378287
216.54927138378287
216.54927138378287
216.54927138378287
289.1045560903958
289.1045560903958
283.50011172267926
283.50011172267926
283.50011172267926
283.50011172267926
283.50011172267926
318.56533023787273
283.30543248080545
232.88574598516698
232.88574598516698
232.88574598516698
232.88574598516698
232.88574598516698
232.88574598516698
232.88574598516698
232.88574598516698
263.327614583469
263.327614583469
263.327614583469
263.327614583469
255.0630335310932
255.0630335310932
255.0630335310932
255.0630335310932
255.0630335310932
255.0630335310932
255.0630335310932
254.90997675626224
254.90997675626224
241.47966646168507
241.47966646168507
241.47966646168507
241.47966646168507
241.47966646168507
241.47966646168507
241.47966646168507
241.47966646168507
241.47966646168507
241.47966646168507
241.47966646168507
241.47966646168507
241.47966646168507
241.47966646168507
241.47966646168507
241.47966646168507
241.47966646168507
244.07891141540858
244.07891141540858
230.3082484247925
230.3082484247925
230.3082484247925
230.3082484247925
230.3082484247925
232.30277273568313
232.30277273568313
232.30277273568313
226.3589309565675
226.3589309565675
226.3589309565675
226.3589309565675
226.3589309565675
226.3589309565675
226.3589309565675
226.3589309565675
226.3589309565675
226.3589309565675
226.3589309565675
226.3589309565675
226.3589309565675
226.3589309565675
226.3589309565675
226.3589309565675
226.3589309565675
226.3589309565675
226.3589309565675
226.3589309565675
226.3589309565675
226.3589309565675
226.3589309565675
226.3589309565675
226.3589309565675
226.3589309565675
226.3589309565675
226.3589309565675
226.3589309565675
226.3589309565675
226.3589309565675
226.3589309565675
226.3589309565675
226.3589309565675
226.3589309565675
226.3589309565675
226.3589309565675
226.3589309565675
226.3589309565675
226.3589309565675
226.3589309565675
226.3589309565675
226.3589309565675
226.3589309565675
226.3589309565675
226.3589309565675
226.3589309565675
226.3589309565675
226.3589309565675
230.16644667871367
226.3589309565675
236.45266065322178
226.3589309565675
228.86929551189075
226.3589309565675
224.7921091912178
224.7921091912178
223.52682399999446
223.52682399999446
223.52682399999446
223.52682399999446
223.52682399999446
223.52682399999446
223.52682399999446
223.52682399999446
223.52682399999446
223.52682399999446
223.52682399999446
223.52682399999446
223.52682399999446
223.52682399999446
223.52682399999446
226.3589309565675
219.38896067565136
219.38896067565136
219.38896067565136
219.38896067565136
219.38896067565136
219.38896067565136
219.38896067565136
219.38896067565136
219.38896067565136
219.38896067565136
219.38896067565136
219.38896067565136
219.38896067565136
219.38896067565136
219.38896067565136
219.38896067565136
219.38896067565136
219.38896067565136
219.38896067565136
219.38896067565136
219.57677690124655
219.57677690124655
216.93489336560611
216.93489336560611
211.1514799768898
211.1514799768898
211.1514799768898
211.1514799768898
211.1514799768898
211.1514799768898
207.78522060347333
207.78522060347333
207.78522060347333
207.78522060347333
207.78522060347333
207.73659870844128
207.73659870844128
207.67705680203244
207.67705680203244
207.67705680203244
207.67705680203244
207.67705680203244
207.67705680203244
207.67705680203244
207.67705680203244
207.67705680203244
207.67705680203244
207.67705680203244
207.67705680203244
207.67575001552555
207.67575001552555
207.67575001552555
207.67575001552555
207.67575001552555
207.67575001552555
207.67575001552555
207.67575001552555
207.67575001552555
207.67575001552555
207.67575001552555
207.67575001552555
207.67575001552555
207.67575001552555
207.67575001552555
207.67575001552555
207.67490187992968
207.67490187992968
207.67490187992968
207.67490187992968
207.67490187992968
207.67490187992968
207.67490187992968
207.67490187992968
207.31310302725365
207.1846502352613
206.79289856452073
206.79289856452073
206.79289856452073
206.75851093691352
206.75851093691352
206.75851093691352
206.74269188730233
203.95852236730883
203.95852236730883
203.78311719712278
203.78311719712278
203.78311719712278
203.78311719712278
203.78311719712278
203.78311719712278
203.78311719712278
203.78311719712278
203.78311719712278
203.78311719712278
203.78311719712278
203.78311719712278
203.78311719712278
203.78311719712278
203.78311719712278
203.7273018878159
203.7273018878159
203.7273018878159
203.7273018878159
203.7273018878159
203.7273018878159
203.49639414712843
203.49639414712843
203.49639414712843
203.49639414712843
203.49639414712843
203.49639414712843
203.49639414712843
203.49639414712843
203.49639414712843
203.49639414712843
203.49639414712843
203.49639414712843
203.49639414712843
203.49639414712843
203.49639414712843
203.49639414712843
203.56934552170648
203.49639414712843
203.49639414712843
203.49639414712843
201.8847523128341
205.23356032706485
203.49590863458945
203.49590863458945
203.49590863458945
203.49590863458945
203.49590863458945
203.49590863458945
203.49590863458945
198.34184826467722
198.34184826467722
201.50990882707524
201.50990882707524
201.50990882707524
201.50990882707524
202.17250706704795
202.17250706704795
185.8259614933785
185.8259614933785
185.8259614933785
185.8259614933785
185.8259614933785
185.8259614933785
185.8259614933785
185.8259614933785
185.8259614933785
185.8259614933785
185.8259614933785
185.8259614933785
201.05769709589552
201.05769709589552
190.81518465313331
186.69659473659033
186.69659473659033
183.58820346011532
183.58820346011532
183.58820346011532
183.58820346011532
183.58820346011532
182.62368045184022
182.62368045184022
182.62368045184022
182.62368045184022
182.62368045184022
182.62368045184022
182.62368045184022
182.62368045184022
182.62368045184022
182.62368045184022
182.62368045184022
182.62368045184022
182.62368045184022
182.62368045184022
182.62368045184022
182.62368045184022
182.62368045184022
182.62368045184022
182.62368045184022
182.62368045184022
182.62368045184022
182.62368045184022
184.1595532756021
184.1595532756021
177.2681200082567
177.2681200082567
177.2681200082567
177.2681200082567
177.2681200082567
177.2681200082567
177.2681200082567
177.2681200082567
177.2681200082567
177.2681200082567
177.2681200082567
177.2681200082567
177.2681200082567
177.2681200082567
177.2681200082567
177.2681200082567
177.2681200082567
177.2681200082567
177.2681200082567
177.2681200082567
177.2681200082567
177.2681200082567
177.2681200082567
177.2681200082567
177.2681200082567
177.2681200082567
177.2681200082567
177.2681200082567
177.2681200082567
177.2681200082567
182.62368045184022
182.62368045184022
182.62368045184022
182.62368045184022
182.62368045184022
178.73209417676938
178.73209417676938
176.1544827957357
176.1544827957357
176.1544827957357
176.1544827957357
176.1544827957357
176.1544827957357
176.1544827957357
176.1544827957357
176.1544827957357
176.1544827957357
176.1544827957357
176.1544827957357
176.1544827957357
176.1544827957357
176.1544827957357
176.1544827957357
176.1544827957357
176.1544827957357
176.1544827957357
176.1544827957357
176.1544827957357
176.1544827957357
176.1544827957357
176.1544827957357
176.1544827957357
176.1544827957357
176.1544827957357
176.1544827957357
176.1544827957357
176.1544827957357
176.1544827957357
176.1544827957357
176.1544827957357
176.1544827957357
176.1544827957357
176.1544827957357
176.1544827957357
176.1544827957357
176.1544827957357
176.1544827957357
176.8384602186706
174.41400801355954
174.41400801355954
174.41400801355954
174.41400801355954
174.41400801355954
174.41400801355954
174.41400801355954
175.1972919656302
175.1972919656302
175.1972919656302
175.1972919656302
175.1972919656302
175.1972919656302
175.1972919656302
175.1972919656302
175.1972919656302
176.0779381196892
176.0779381196892
176.0779381196892
176.0779381196892
175.1972919656302
175.1972919656302
169.0631920188069
169.0631920188069
161.63593031391974
161.63593031391974
161.63593031391974
161.63593031391974
161.63593031391974
166.54792976183472
166.54792976183472
161.63593031391974
161.63593031391974
161.63593031391974
161.63593031391974
161.63593031391974
161.63593031391974
161.63593031391974
161.63593031391974
161.63593031391974
161.63593031391974
161.63593031391974
161.63593031391974
161.63593031391974
161.63593031391974
161.63593031391974
161.63593031391974
161.63593031391974
161.63593031391974
161.63593031391974
161.63593031391974
161.63593031391974
161.63593031391974
161.63593031391974
161.63593031391974
161.63593031391974
161.63593031391974
161.63593031391974
161.63593031391974
161.63593031391974
161.63593031391974
161.63593031391974
161.63593031391974
161.51568085169336
161.51568085169336
169.9894709135689
163.3280539771884
161.22609286731995
161.22609286731995
161.22609286731995
161.22609286731995
161.22609286731995
161.22609286731995
161.22609286731995
160.6331067184938
160.6331067184938
159.1302047164481
159.1302047164481
159.1302047164481
159.1302047164481
159.1302047164481
159.1302047164481
159.1302047164481
159.1302047164481
159.1302047164481
159.1302047164481
159.1302047164481
159.1302047164481
159.1302047164481
159.1067179784917
159.1067179784917
159.1067179784917
159.1067179784917
159.1067179784917
159.09357594260797
159.0179784846948
159.0179784846948
159.0179784846948
159.0179784846948
159.0179784846948
158.69778791196543
158.69778791196543
158.69778791196543
158.69778791196543
158.69778791196543
158.69778791196543
158.69778791196543
158.69778791196543
158.63758763822324
158.70988089772732
158.63758763822324
158.84441078728992
156.87442074189082
157.46162790046418
156.57463985663927
156.57463985663927
156.57463985663927
156.57463985663927
156.57463985663927
156.57463985663927
156.57463985663927
155.45648368872074
155.45648368872074
157.23155802209027
157.23155802209027
155.24506165095303
157.8002213230354
155.24506165095303
155.24506165095303
155.24506165095303
155.24506165095303
155.24506165095303
155.24506165095303
155.24506165095303
155.24506165095303
155.45648368872074
155.45648368872074
154.26478730716573
154.26478730716573
154.26478730716573
154.26478730716573
154.26478730716573
153.6354868239396
153.6354868239396
153.6354868239396
153.6354868239396
153.6354868239396
153.6354868239396
153.6354868239396
155.0115302547822
152.91179632616723
152.91179632616723
153.21683729047675
153.21683729047675
153.21683729047675
153.21683729047675
153.21683729047675
153.94047856130848
152.48426891901283
151.04751973497503
151.04751973497503
151.04751973497503
151.04751973497503
151.04751973497503
151.04751973497503
151.04751973497503
151.04751973497503
151.04751973497503
151.04751973497503
151.04751973497503
151.04751973497503
150.9672046746076
150.9672046746076
150.9672046746076
142.0381952073691
151.08161708081113
149.62704778824732
149.62704778824732
149.62704778824732
149.62704778824732
149.62704778824732
149.62704778824732
149.44231426932953
148.88969443009339
148.88969443009339
148.80126496224815
148.80126496224815
148.7800345347305
148.778114532092
148.778114532092
148.68636959890176
148.68636959890176
148.68636959890176
149.94200891474398
143.48020257393412
148.2224458834334
144.44522278318505
144.1005645189681
144.1005645189681
143.48020257393412
141.91922868022516
140.5579985720653
140.5579985720653
140.5579985720653
140.5579985720653
140.5579985720653
140.5579985720653
140.5579985720653
140.5579985720653
140.5579985720653
136.20039063703024
136.20039063703024
136.20039063703024
136.20039063703024
136.20039063703024
136.20039063703024
136.20039063703024
136.20039063703024
136.20039063703024
136.20039063703024
136.20039063703024
136.20039063703024
136.20039063703024
136.20039063703024
136.20039063703024
136.20039063703024
136.20039063703024
136.20039063703024
136.20039063703024
136.20039063703024
136.20039063703024
136.20039063703024
136.20039063703024
136.20039063703024
136.20039063703024
136.20039063703024
136.20039063703024
136.20039063703024
136.20039063703024
136.20039063703024
136.20039063703024
136.20039063703024
136.20039063703024
136.20039063703024
136.20039063703024
136.20039063703024
136.20039063703024
136.20039063703024
136.20039063703024
136.20039063703024
136.20039063703024
136.20039063703024
136.20039063703024
136.20039063703024
136.20039063703024
136.20039063703024
136.20039063703024
136.20039063703024
136.20039063703024
136.20039063703024
136.20039063703024
136.20039063703024
136.20039063703024
136.20039063703024
136.20039063703024
136.20039063703024
136.20039063703024
136.20039063703024
136.20039063703024
136.20039063703024
136.20039063703024
136.20039063703024
136.20039063703024
136.20039063703024
136.20039063703024
136.20039063703024
136.20039063703024
136.20039063703024
136.20039063703024
136.20039063703024
136.20039063703024
136.20039063703024
136.20039063703024
136.20039063703024
136.20039063703024
136.20039063703024
136.20039063703024
136.20039063703024
136.20039063703024
136.20039063703024
136.20039063703024
136.20039063703024
140.58747605349302
140.58747605349302
140.29733028731235
140.29733028731235
140.29733028731235
140.1955935242091
140.1955935242091
140.1955935242091
140.1955935242091
142.42289424827723
140.1871964881631
140.1871964881631
140.1871964881631
139.06275773953254
139.06275773953254
139.06275773953254
139.06275773953254
140.52730639097356
136.20039063703024
136.20039063703024
136.20039063703024
136.20039063703024
136.20039063703024
136.20039063703024
136.20039063703024
136.20039063703024
136.20039063703024
136.20039063703024
136.20039063703024
138.0093297532365
135.90209024783343
135.90209024783343
135.90209024783343
133.9700153633046
131.6843174122409
131.6843174122409
131.6843174122409
131.6843174122409
130.95203111924343
130.95203111924343
130.95203111924343
130.95203111924343
130.95203111924343
130.95203111924343
130.95203111924343
130.95203111924343
130.95203111924343
130.85027263983542
130.85027263983542
135.1044076167633
130.85027263983542
130.85027263983542
130.85027263983542
130.85027263983542
130.85027263983542
130.85027263983542
130.85027263983542
130.85027263983542
130.85027263983542
130.85027263983542
130.85027263983542
130.85027263983542
130.85027263983542
130.85027263983542
130.85027263983542
130.85027263983542
130.85027263983542
130.85027263983542
130.85027263983542
126.27366330130316
126.27366330130316
113.70942016183838
113.70942016183838
113.70942016183838
113.70942016183838
113.70942016183838
113.70942016183838
113.70942016183838
113.70942016183838
113.70942016183838
113.70942016183838
124.92724294711833
99.00617749490368
99.00617749490368
99.00617749490368
99.00617749490368
99.00617749490368
99.00617749490368
114.13618324108003
114.13618324108003
114.13618324108003
114.13618324108003
114.13618324108003
114.13618324108003
110.9215042741034
110.9215042741034
104.15805708920855
104.15805708920855
104.15805708920855
104.15805708920855
104.15805708920855
104.15805708920855
104.15805708920855
104.15805708920855
99.7998968633364
99.7998968633364
99.7998968633364
99.7998968633364
99.7998968633364
99.7998968633364
99.7998968633364
99.7998968633364
99.7998968633364
99.7998968633364
99.7998968633364
97.66239995062986
97.66239995062986
97.66239995062986
97.66239995062986
96.04041311082406
96.04041311082406
96.04041311082406
96.04041311082406
92.36758232410698
92.36758232410698
92.36758232410698
92.36758232410698
92.36758232410698
92.36758232410698
92.36758232410698
92.36758232410698
92.36758232410698
92.36758232410698
92.36758232410698
92.36758232410698
92.36758232410698
92.36758232410698
92.36758232410698
92.36758232410698
92.36758232410698
92.36758232410698
92.36758232410698
92.36758232410698
92.36758232410698
92.36758232410698
92.36758232410698
92.36758232410698
92.36758232410698
92.36758232410698
92.36758232410698
92.36758232410698
92.36758232410698
92.36758232410698
92.36758232410698
99.47561010299023
91.97122566588887
91.97122566588887
91.97122566588887
91.97122566588887
94.64648495687973
94.64648495687973
91.1874980033831
91.1874980033831
91.1874980033831
91.1874980033831
91.97122566588887
86.44019062743457
90.63540182828355
90.63540182828355
89.62707117568125
89.62707117568125
89.35797843334618
89.35797843334618
89.0573830524436
89.0573830524436
89.0573830524436
89.0573830524436
89.0573830524436
89.0573830524436
89.0573830524436
94.03683419013682
89.07463199388306
89.07463199388306
87.41541566291136
87.41541566291136
87.41541566291136
87.41541566291136
87.41541566291136
87.41541566291136
87.41541566291136
87.41541566291136
87.41541566291136
87.41541566291136
87.41541566291136
83.61383221503554
83.61383221503554
83.61383221503554
83.61383221503554
83.61383221503554
83.61383221503554
80.29826744535794
80.29826744535794
80.29826744535794
80.29826744535794
80.29826744535794
80.29826744535794
80.29826744535794
80.29826744535794
80.29826744535794
80.29826744535794
80.29826744535794
80.29826744535794
83.76035002189265
81.28703152219127
81.28703152219127
81.28703152219127
80.29826744535794
80.11226779129959
80.11226779129959
79.6784352064602
79.6784352064602
79.6784352064602
79.6784352064602
79.6784352064602
79.6784352064602
79.6784352064602
79.6784352064602
79.6784352064602
79.6784352064602
79.6784352064602
79.6784352064602
79.6784352064602
79.6784352064602
79.6784352064602
79.6784352064602
79.6784352064602
79.6784352064602
79.6784352064602
79.6784352064602
79.6784352064602
79.6784352064602
79.6784352064602
79.6784352064602
80.82614702587402
80.82614702587402
79.61507065914823
79.61507065914823
79.61507065914823
79.6784352064602
79.61507065914823
79.01180125512685
78.71309374259066
78.71309374259066
79.30629440938931
79.30629440938931
79.30629440938931
80.00138676837547
78.71309374259066
77.30518781046324
73.10782645759947
73.10782645759947
73.10782645759947
73.10782645759947
73.10782645759947
73.10782645759947
73.10782645759947
73.10782645759947
73.10782645759947
73.10782645759947
73.10782645759947
73.10782645759947
73.10782645759947
68.46272046066231
68.46272046066231
68.46272046066231
68.46272046066231
68.46272046066231
68.46272046066231
68.46272046066231
69.30893390517828
68.46272046066231
68.46272046066231
68.46272046066231
68.46272046066231
68.46272046066231
68.46272046066231
68.46272046066231
68.46272046066231
68.46272046066231
68.46272046066231
68.46272046066231
68.46272046066231
68.46272046066231
68.46272046066231
68.46272046066231
68.46272046066231
68.46272046066231
68.46272046066231
68.46272046066231
68.46272046066231
68.46272046066231
68.46272046066231
68.17825445231351
68.17825445231351
68.17825445231351
68.17825445231351
68.0448997281072
68.0448997281072
67.95983732793646
67.95983732793646
67.95983732793646
67.95983732793646
67.10768889480164
67.10768889480164
67.10768889480164
67.1803169455941
67.10768889480164
67.10768889480164
67.10768889480164
67.10768889480164
67.10768889480164
67.01914441295696
67.01914441295696
67.01914441295696
67.01914441295696
67.01914441295696
67.01914441295696
67.01914441295696
67.01914441295696
67.01914441295696
67.01914441295696
67.00321323408203
67.00321323408203
67.00321323408203
67.00321323408203
67.00321323408203
67.00321323408203
66.96221544221304
66.96221544221304
66.96221544221304
66.96221544221304
66.96221544221304
67.19628409931653
66.51943763044522
67.26277289082594
66.51943763044522
66.51943763044522
66.8939907854198
65.21973131413282
65.21973131413282
65.21973131413282
66.39527497904533
66.39527497904533
64.5921845168267
67.95812246019466
66.33150916883163
64.5921845168267
64.5921845168267
64.5921845168267
64.5921845168267
63.501572590036275
63.501572590036275
63.501572590036275
63.501572590036275
63.501572590036275
63.501572590036275
63.501572590036275
63.501572590036275
63.501572590036275
62.358718503085555
62.358718503085555
62.358718503085555
62.358718503085555
62.358718503085555
62.358718503085555
62.358718503085555
62.358718503085555
62.358718503085555
62.358718503085555
62.33579494561636
62.33579494561636
62.33579494561636
62.33579494561636
62.33579494561636
62.33579494561636
62.33579494561636
62.33579494561636
62.33579494561636
62.33579494561636
62.33579494561636
62.3182863681997
62.3182863681997
61.433898539326066
61.433898539326066
61.036694856828916
61.036694856828916
61.036694856828916
61.036694856828916
61.036694856828916
61.036694856828916
60.73143565873765
60.73143565873765
60.73143565873765
60.73143565873765
60.589962158471536
60.589962158471536
60.589962158471536
60.589962158471536
60.589962158471536
60.589962158471536
60.589962158471536
60.589962158471536
60.589962158471536
60.589962158471536
60.589962158471536
60.589962158471536
60.589962158471536
60.589962158471536
60.58072123640268
60.58072123640268
60.58072123640268
60.58072123640268
60.58072123640268
60.58072123640268
60.58072123640268
60.58072123640268
60.58072123640268
60.58072123640268
60.58072123640268
60.58072123640268
60.58072123640268
60.58072123640268
60.58072123640268
65.15105786637093
57.618154882834496
57.618154882834496
58.51732106257696
58.51732106257696
58.51732106257696
58.51732106257696
58.51732106257696
58.51732106257696
58.51732106257696
58.51732106257696
58.51732106257696
58.51732106257696
58.51732106257696
58.51732106257696
58.47531479900961
58.47531479900961
57.54139402641884
57.54139402641884
57.54139402641884
57.54139402641884
57.54139402641884
57.54139402641884
57.54139402641884
57.54139402641884
57.54139402641884
57.54139402641884
57.54139402641884
57.54139402641884
57.54139402641884
57.54139402641884
57.54139402641884
57.54139402641884
57.54139402641884
57.54139402641884
57.54139402641884
57.54139402641884
56.269651361792846
56.269651361792846
56.269651361792846
56.269651361792846
56.269651361792846
56.269651361792846
56.15193537532954
56.15193537532954
56.15193537532954
56.15193537532954
56.15193537532954
56.15193537532954
56.15193537532954
56.15193537532954
56.15193537532954
56.15193537532954
56.15193537532954
56.15193537532954
56.15193537532954
56.15193537532954
56.15193537532954
56.15193537532954
56.15193537532954
56.15193537532954
56.15193537532954
56.15193537532954
56.15193537532954
56.15193537532954
56.15193537532954
56.15193537532954
56.15193537532954
56.15193537532954
56.15193537532954
56.15193537532954
56.15193537532954
56.15193537532954
56.15193537532954
56.15193537532954
56.19026633085763
56.071360244003124
56.02003627727379
55.997002942374664
55.997002942374664
55.997002942374664
55.997002942374664
55.997002942374664
55.997002942374664
55.997002942374664
55.997002942374664
55.997002942374664
55.997002942374664
55.997002942374664
55.997002942374664
55.997002942374664
55.997002942374664
55.997002942374664
55.997002942374664
55.997002942374664
55.997002942374664
56.00686268266111
56.00686268266111
56.00686268266111
56.00686268266111
56.00686268266111
56.00686268266111
56.00686268266111
55.99718392372773
55.99718392372773
56.512677392977075
55.68470406749621
55.68470406749621
55.68470406749621
55.68470406749621
55.68470406749621
55.68470406749621
55.68470406749621
56.05317873686208
55.99563143027037
55.68451567725028
55.68451567725028
55.68451567725028
55.68451567725028
55.68451567725028
55.68451567725028
54.496962858480046
54.496962858480046
43.919575148843045
43.919575148843045
43.919575148843045
43.919575148843045
43.919575148843045
43.919575148843045
43.919575148843045
43.919575148843045
43.919575148843045
43.919575148843045
43.919575148843045
43.919575148843045
43.919575148843045
43.919575148843045
43.919575148843045
43.919575148843045
43.919575148843045
43.919575148843045
43.919575148843045
43.919575148843045
43.919575148843045
43.919575148843045
43.919575148843045
43.919575148843045
43.919575148843045
43.919575148843045
43.919575148843045
43.919575148843045
43.919575148843045
43.919575148843045
43.919575148843045
43.919575148843045
43.919575148843045
43.919575148843045
43.919575148843045
43.919575148843045
43.919575148843045
43.919575148843045
43.919575148843045
43.919575148843045
43.919575148843045
43.919575148843045
43.919575148843045
43.919575148843045
54.193323903863785
54.160504248411954
54.53587488027713
50.452279631114294
50.452279631114294
50.452279631114294
50.452279631114294
50.452279631114294
50.452279631114294
50.452279631114294
50.452279631114294
50.380206830158286
50.299216391696945
50.12233602138592
50.12233602138592
50.12233602138592
50.12233602138592
50.12233602138592
50.12233602138592
50.119662761853014
50.119662761853014
50.119662761853014
50.119662761853014
50.119662761853014
50.119662761853014
50.119662761853014
50.119662761853014
50.119662761853014
50.119662761853014
50.119662761853014
50.119662761853014
50.119662761853014
50.119662761853014
50.119662761853014
50.119662761853014
50.119662761853014
50.119662761853014
50.119662761853014
50.119662761853014
50.119662761853014
50.119662761853014
50.119662761853014
50.119662761853014
50.119662761853014
50.119662761853014
50.119662761853014
50.1195160448185
50.1195160448185
50.386993555596995
49.94690671623441
49.94690671623441
49.94690671623441
49.94690671623441
49.94690671623441
49.94690671623441
49.94690671623441
49.94690671623441
49.94690671623441
51.10268666841785
49.94690671623441
49.8485066680434
49.8485066680434
49.8485066680434
49.8485066680434
49.8485066680434
49.8485066680434
49.8485066680434
49.8485066680434
50.08926956407289
49.87507363406548
49.87507363406548
49.87507363406548
49.87507363406548
50.44833238531957
42.76166413902346
49.8485066680434
49.8485066680434
49.8485066680434
50.45507026314992
49.80100282340029
49.80100282340029
49.377448395081394
49.377448395081394
49.377448395081394
49.377448395081394
49.377448395081394
49.377448395081394
49.61900227994908
48.851927451049065
49.78552621263813
49.78552621263813
48.851927451049065
48.15619270284788
48.15619270284788
48.15619270284788
48.15619270284788
48.15619270284788
48.15619270284788
48.15619270284788
47.351060644031136
47.351060644031136
47.351060644031136
47.351060644031136
47.351060644031136
47.351060644031136
47.361745245026476
47.361745245026476
47.361745245026476
44.919635478180204
44.919635478180204
44.919635478180204
44.919635478180204
44.919635478180204
44.919635478180204
44.919635478180204
44.32914895578165
44.32914895578165
44.32914895578165
44.336214253824316
44.336214253824316
43.95838913441911
43.95838913441911
43.95838913441911
43.95838913441911
43.95838913441911
44.004421204853756
44.004421204853756
44.004421204853756
44.004421204853756
44.004421204853756
44.004421204853756
43.900642728945506
43.900642728945506
43.900642728945506
43.900642728945506
43.900642728945506
43.900642728945506
43.900642728945506
43.900642728945506
43.900642728945506
43.900642728945506
43.900642728945506
43.900642728945506
43.900642728945506
43.900642728945506
43.900642728945506
43.900642728945506
43.900642728945506
43.900642728945506
43.900642728945506
43.900642728945506
43.8927599010021
43.8927599010021
43.8927599010021
43.8927599010021
43.8927599010021
43.8927599010021
43.87233716363161
43.87233716363161
43.858742128028545
43.858742128028545
43.858742128028545
43.858742128028545
43.861094696478155
43.861094696478155
43.861094696478155
43.861094696478155
43.861094696478155
43.861094696478155
43.861094696478155
43.696569964659666
43.696569964659666
43.696569964659666
43.696569964659666
43.696569964659666
43.696569964659666
43.696569964659666
43.5867380846426
43.5867380846426
43.44424174821772
43.44424174821772
43.44424174821772
43.44424174821772
43.44424174821772
43.44424174821772
43.44424174821772
43.44424174821772
43.44424174821772
43.44424174821772
43.44424174821772
43.44424174821772
45.55240825233369
44.1129348643815
43.18839599438447
43.18839599438447
42.95476954046668
42.95476954046668
42.95476954046668
42.95476954046668
42.9423592777162
42.9423592777162
41.76740854025749
42.506400192515315
42.15545170660742
42.15545170660742
41.92168324122966
41.92168324122966
41.92168324122966
41.785421515826954
41.785421515826954
41.785421515826954
41.24930389708168
41.24930389708168
41.24930389708168
40.75840792554591
40.75840792554591
40.75840792554591
40.60608820682613
40.60608820682613
40.60608820682613
40.60608820682613
40.60608820682613
40.60608820682613
40.60608820682613
40.60608820682613
40.034482939043244
40.034482939043244
40.034482939043244
40.034482939043244
40.034482939043244
40.034482939043244
40.034482939043244
40.034482939043244
40.034482939043244
40.034482939043244
40.034482939043244
40.034482939043244
40.034482939043244
40.034482939043244
40.034482939043244
40.034482939043244
40.034482939043244
40.034482939043244
40.034482939043244
40.034482939043244
40.034482939043244
40.034482939043244
40.034482939043244
40.034482939043244
40.034482939043244
40.034482939043244
40.034482939043244
40.034482939043244
40.034482939043244
40.034482939043244
40.034482939043244
40.034482939043244
40.034482939043244
40.034482939043244
40.034482939043244
40.034482939043244
40.034482939043244
40.306759881472544
40.306759881472544
40.306759881472544
40.254595470954314
40.034482939043244
40.034482939043244
40.034482939043244
40.034482939043244
40.034482939043244
40.034482939043244
40.04857245877324
39.742427233867126
39.75353247668894
39.75353247668894
39.75353247668894
39.742427233867126
39.76538584832065
39.881178593252045
39.881178593252045
39.023984703616954
38.88078169402486
38.88078169402486
38.88078169402486
38.88078169402486
38.88078169402486
38.88078169402486
38.88078169402486
38.88078169402486
38.88078169402486
38.88078169402486
38.73916334267603
38.73916334267603
38.73916334267603
38.73916334267603
38.73916334267603
38.84778538041688
38.84778538041688
38.73916334267603
38.73916334267603
38.794700881959734
38.794700881959734
38.68598302552223
38.68598302552223
38.7659287761936
38.7659287761936
38.7659287761936
37.58120683986653
37.58120683986653
37.58120683986653
37.58120683986653
37.58120683986653
37.58120683986653
37.58120683986653
37.58120683986653
37.58120683986653
37.58120683986653
37.58120683986653
37.58120683986653
37.58120683986653
37.58120683986653
37.58120683986653
37.58120683986653
37.58120683986653
37.58120683986653
37.58120683986653
37.56525995530173
37.53327641545647
37.53327641545647
37.53327641545647
37.53327641545647
37.53212150675293
37.53212150675293
38.01559652533908
37.52727569950093
37.52727569950093
37.433822972642055
37.433822972642055
37.433822972642055
37.433822972642055
37.433822972642055
37.433822972642055
37.22217046036642
37.22217046036642
37.22217046036642
37.21120664124669
37.21120664124669
37.21120664124669
37.21120664124669
37.12270120621197
37.12270120621197
37.12270120621197
37.12270120621197
37.12270120621197
37.12270120621197
37.098928069176324
37.098928069176324
36.2385936855373
36.2385936855373
36.2385936855373
36.2385936855373
36.2385936855373
36.2385936855373
36.2385936855373
36.2385936855373
36.2385936855373
36.2385936855373
36.2385936855373
36.2385936855373
36.2385936855373
36.2385936855373
36.2385936855373
36.2385936855373
36.2385936855373
36.2385936855373
35.95937605281211
35.95937605281211
35.95937605281211
35.95937605281211
35.95937605281211
35.95937605281211
35.95937605281211
35.95937605281211
35.95937605281211
35.95937605281211
35.95937605281211
35.95937605281211
35.95937605281211
35.95937605281211
35.95937605281211
35.95937605281211
35.95937605281211
35.95937605281211
35.95937605281211
35.95937605281211
35.95937605281211
35.95937605281211
35.95937605281211
35.95937605281211
35.95937605281211
35.95937605281211
35.95937605281211
36.50878028364769
35.95455218325979
35.95455218325979
35.47207367794074
35.47207367794074
35.47207367794074
35.47207367794074
35.47207367794074
35.57085044785082
35.57085044785082
35.57085044785082
35.57085044785082
35.57085044785082
35.50236377911209
35.50236377911209
35.61607326432548
35.197922085014355
35.197922085014355
35.197922085014355
35.197922085014355
35.197922085014355
35.197922085014355
35.197922085014355
35.197922085014355
35.197922085014355
35.19235522957556
35.18990718588949
35.18990718588949
35.16697522260136
35.16697522260136
35.16697522260136
35.17523408850071
35.16697522260136
35.16697522260136
35.10428830456977
35.10428830456977
35.10428830456977
35.10428830456977
35.10428830456977
35.10428830456977
35.10428830456977
35.10428830456977
35.10428830456977
35.16697522260136
35.100147634408614
35.100147634408614
35.07732539641668
35.07732539641668
35.07732539641668
34.81173610263762
34.81173610263762
34.81173610263762
34.81173610263762
34.81173610263762
34.81173610263762
34.81173610263762
35.009267971424244
35.009267971424244
35.009267971424244
35.009267971424244
35.009267971424244
34.99178462171806
34.99178462171806
34.99178462171806
34.99178462171806
35.058711440686814
34.97963936915482
34.97963936915482
34.97963936915482
34.97963936915482
34.97963936915482
34.97963936915482
34.97963936915482
34.97963936915482
34.97963936915482
34.97963936915482
34.97963936915482
34.96657339523642
34.96657339523642
34.74012321976542
34.74012321976542
34.71166972663246
34.71166972663246
34.71166972663246
34.71166972663246
34.71166972663246
34.71166972663246
34.71166972663246
35.234434407108715
34.71123940612419
34.71123940612419
34.71123940612419
34.71123940612419
34.71123940612419
34.71123940612419
34.71123940612419
34.71123940612419
34.71123940612419
34.71123940612419
34.26595496382548
33.83160547988511
33.83160547988511
33.83160547988511
33.83160547988511
33.83160547988511
33.83160547988511
33.83160547988511
33.80686683789966
33.80686683789966
33.80686683789966
33.80686683789966
33.80686683789966
33.206884440226005
33.206884440226005
33.80459376816934
33.206884440226005
33.206884440226005
33.206884440226005
33.206884440226005
33.206884440226005
33.206884440226005
33.206884440226005
33.206884440226005
33.206884440226005
33.206884440226005
33.206884440226005
33.206884440226005
33.206884440226005
33.206884440226005
33.206884440226005
33.206884440226005
33.206884440226005
33.206884440226005
33.206884440226005
33.206884440226005
33.206884440226005
33.206884440226005
33.206884440226005
33.206884440226005
33.206884440226005
33.206884440226005
33.206884440226005
33.206884440226005
33.206884440226005
33.206884440226005
33.206884440226005
33.206884440226005
33.206884440226005
33.206884440226005
34.33607689669777
33.20166922063703
33.20166922063703
32.68512178234194
32.68512178234194
32.68512178234194
32.65048780434933
32.65048780434933
32.65048780434933
32.65048780434933
32.65048780434933
32.65048780434933
32.65048780434933
32.65048780434933
32.65048780434933
32.65048780434933
32.64850320617734
32.64850320617734
32.64850320617734
32.64850320617734
32.64850320617734
32.64850320617734
32.64850320617734
32.618600577126784
32.618600577126784
32.618600577126784
32.618600577126784
32.618600577126784
32.618600577126784
32.618600577126784
32.618600577126784
32.618600577126784
32.61710942833905
32.61710942833905
32.61710942833905
32.61710942833905
32.61710942833905
32.61710942833905
32.61710942833905
32.61552594109808
32.61552594109808
32.61552594109808
32.61552594109808
32.61552594109808
32.61552594109808
32.61552594109808
32.61552594109808
32.61547806466935
32.61547806466935
32.61547806466935
32.61547806466935
32.61547806466935
32.61547806466935
32.61547806466935
32.615372629130775
32.615372629130775
32.615372629130775
32.615372629130775
32.615372629130775
32.615372629130775
32.615372629130775
32.615366051598855
32.615366051598855
32.615366051598855
32.615366051598855
32.615366051598855
32.615366051598855
32.62789851528775
32.62789851528775
32.62789851528775
32.61509367904822
32.64748521404775
32.61494894400993
32.59900697449621
32.59900697449621
32.59900697449621
32.59900697449621
32.59900697449621
32.59900697449621
32.59900697449621
32.592662825513
32.59202920982722
33.29980243597068
32.614457001357664
32.614457001357664
32.614457001357664
32.614457001357664
32.517295576780185
32.10666690089909
32.10666690089909
32.10666690089909
32.10666690089909
32.10666690089909
32.10666690089909
32.31550917848139
32.31550917848139
32.21238195235601
32.21238195235601
32.21238195235601
32.21238195235601
32.21238195235601
32.21238195235601
32.21238195235601
32.21238195235601
32.162930242655385
32.162930242655385
32.162930242655385
32.111477854181935
32.111477854181935
32.111477854181935
32.111477854181935
32.111477854181935
32.10666690089909
31.549570566196937
31.549570566196937
31.549570566196937
31.549570566196937
31.549570566196937
31.549570566196937
31.530645787825247
31.530645787825247
31.530645787825247
31.530645787825247
31.530645787825247
31.530645787825247
31.530569142751943
31.530569142751943
31.530569142751943
31.530569142751943
31.530569142751943
31.530569142751943
31.530569142751943
31.530569142751943
31.530569142751943
31.530569142751943
31.530569142751943
31.530434228859164
31.528548892712873
31.48967190113245
31.48967190113245
31.48967190113245
31.504894013735846
31.48967190113245
31.48967190113245
31.48967190113245
31.174408575974834
31.174408575974834
31.174408575974834
31.174408575974834
31.174408575974834
31.174408575974834
31.174408575974834
31.174408575974834
31.174408575974834
31.174408575974834
31.174408575974834
31.174408575974834
31.174408575974834
31.174408575974834
31.174408575974834
31.174408575974834
31.174408575974834
31.174408575974834
31.174408575974834
31.174408575974834
31.4674939423777
31.4674939423777
31.4674939423777
31.4674939423777
31.4674939423777
31.4674939423777
31.484321161948845
31.45835368953969
31.45835368953969
31.278057856366683
31.278057856366683
31.267218571310305
31.267218571310305
31.267218571310305
31.254997062785502
31.254997062785502
31.254997062785502
31.254997062785502
31.254997062785502
31.254997062785502
31.254997062785502
31.254997062785502
31.254997062785502
31.254997062785502
31.254997062785502
31.254997062785502
31.254997062785502
31.254997062785502
31.254997062785502
31.254997062785502
31.254997062785502
31.254997062785502
31.254997062785502
31.254997062785502
31.254997062785502
31.254997062785502
31.447648347561188
31.447648347561188
31.031042762327164
31.031042762327164
31.031042762327164
31.031042762327164
31.031042762327164
31.031042762327164
31.031042762327164
30.90491744256483
30.90491744256483
30.90491744256483
30.90491744256483
30.90491744256483
30.90491744256483
30.90491744256483
30.90491744256483
30.90491744256483
30.90491744256483
30.90491744256483
30.90491744256483
30.90491744256483
30.90491744256483
30.87739173423357
30.87739173423357
30.822906939416736
30.822906939416736
30.822906939416736
30.822906939416736
30.822906939416736
30.822906939416736
30.822906939416736
30.822906939416736
30.822906939416736
30.822906939416736
30.822906939416736
30.822906939416736
30.817927327396394
30.817927327396394
30.817927327396394
30.817927327396394
30.817927327396394
30.817927327396394
30.817927327396394
30.817927327396394
30.817927327396394
30.817927327396394
30.23327096058798
30.23327096058798
30.23327096058798
30.23327096058798
30.87739173423357
30.23327096058798
30.633962767747743
30.633962767747743
30.297408718553353
30.297408718553353
30.297408718553353
30.297408718553353
30.297408718553353
30.297408718553353
30.297408718553353
30.297408718553353
30.297408718553353
30.297408718553353
30.297408718553353
30.297408718553353
30.295826151341434
30.295826151341434
30.295826151341434
30.295826151341434
30.295826151341434
30.295826151341434
30.295826151341434
30.295826151341434
30.295826151341434
30.182768989626215
30.182768989626215
30.182768989626215
30.182768989626215
30.182768989626215
30.182768989626215
30.182768989626215
30.182768989626215
30.182768989626215
30.182768989626215
30.182768989626215
30.182768989626215
30.182768989626215
30.182768989626215
30.182768989626215
30.212526619753287
30.212526619753287
30.212526619753287
30.212526619753287
30.212526619753287
30.212526619753287
30.212526619753287
30.178500308812737
30.178500308812737
30.178500308812737
30.178500308812737
30.178500308812737
30.178500308812737
30.178500308812737
30.178500308812737
30.178500308812737
30.178500308812737
30.178500308812737
30.178500308812737
30.178500308812737
30.178500308812737
30.178500308812737
30.166228168139348
30.154788837460902
30.154788837460902
30.154788837460902
30.154788837460902
30.154788837460902
30.154788837460902
30.217484223061273
30.154554654685462
30.154554654685462
30.154554654685462
30.112775898430243
30.112775898430243
30.112775898430243
30.112775898430243
30.112775898430243
30.112775898430243
30.112775898430243
29.851341794460975
29.851341794460975
29.851341794460975
29.851341794460975
29.851341794460975
29.851341794460975
29.851341794460975
29.851341794460975
29.851341794460975
29.851341794460975
29.851341794460975
29.851341794460975
29.851341794460975
29.851341794460975
29.851341794460975
29.851341794460975
29.851341794460975
29.851341794460975
29.851341794460975
29.851341794460975
29.851341794460975
29.851341794460975
29.851341794460975
29.851341794460975
29.851341794460975
29.851341794460975
29.851341794460975
29.851341794460975
29.851341794460975
29.851341794460975
29.851341794460975
29.851341794460975
29.851341794460975
29.851341794460975
29.851341794460975
29.851341794460975
29.851341794460975
29.851341794460975
29.850753840281808
29.850753840281808
29.850753840281808
29.849192517029284
29.849192517029284
29.849192517029284
29.849192517029284
29.849192517029284
29.813133830404762
29.78838741292253
29.78838741292253
29.773928752188564
29.766763545444267
29.766763545444267
29.76665949959571
29.733120887250205
29.733120887250205
29.733120887250205
29.733120887250205
29.733120887250205
29.733120887250205
29.733120887250205
29.733120887250205
29.733120887250205
29.737349032981875
29.737349032981875
29.570652009628795
29.570652009628795
29.570652009628795
29.570652009628795
29.570652009628795
29.570652009628795
29.570652009628795
29.570652009628795
29.570652009628795
29.570652009628795
29.570652009628795
29.570652009628795
29.570652009628795
29.570652009628795
29.570652009628795
29.570652009628795
29.570652009628795
29.570652009628795
29.570652009628795
29.570652009628795
29.570652009628795
29.570652009628795
29.570652009628795
29.570652009628795
29.71113130019723
29.71113130019723
29.602892516639645
29.602892516639645
29.602892516639645
29.602892516639645
29.602892516639645
29.602892516639645
29.602892516639645
29.602892516639645
29.602892516639645
29.602892516639645
29.602892516639645
29.602892516639645
29.602892516639645
29.602892516639645
29.424927959451477
29.424927959451477
29.424927959451477
29.424927959451477
29.424927959451477
29.413381429670903
29.413381429670903
29.413381429670903
29.493348485116613
29.435548587368537
29.435548587368537
29.435548587368537
29.393514352020983
29.393514352020983
29.393514352020983
29.393514352020983
29.393514352020983
29.393514352020983
29.390361904363143
29.390361904363143
29.390361904363143
29.388867168077294
29.38813478296
29.38813478296
29.378896319615592
29.378896319615592
29.378896319615592
29.378896319615592
29.378896319615592
29.378896319615592
29.378896319615592
29.378896319615592
29.378896319615592
29.378896319615592
29.378896319615592
29.378896319615592
29.378896319615592
29.378896319615592
29.378896319615592
29.378896319615592
29.376309498036395
29.376309498036395
29.376309498036395
29.376309498036395
29.376309498036395
29.376309498036395
29.376309498036395
29.376309498036395
29.376309498036395
29.376309498036395
29.376309498036395
29.376309498036395
29.376309498036395
29.376309498036395
29.37594373793964
29.37594373793964
29.37594373793964
29.37594373793964
29.37546753056383
29.37546753056383
29.37546753056383
29.37546753056383
29.40705002719561
29.02440389253893
29.02440389253893
29.02440389253893
29.02440389253893
29.372959853675862
29.372959853675862
29.372959853675862
29.372959853675862
29.341044477484687
29.341044477484687
29.341044477484687
29.341044477484687
29.341044477484687
29.341044477484687
29.341044477484687
29.341044477484687
29.37546753056383
29.2820070526922
29.280365621251956
29.280365621251956
29.280365621251956
29.205169923854623
29.205169923854623
29.205169923854623
29.141879114924247
29.141879114924247
29.141879114924247
29.141879114924247
29.141879114924247
29.141879114924247
29.141879114924247
29.141879114924247
29.141879114924247
29.141879114924247
29.141879114924247
29.141879114924247
29.141879114924247
29.141879114924247
29.141879114924247
29.141879114924247
29.141879114924247
29.141879114924247
29.141879114924247
29.141879114924247
29.141879114924247
29.141879114924247
29.141879114924247
29.141879114924247
29.141879114924247
29.141879114924247
29.141879114924247
29.141879114924247
29.141879114924247
29.141879114924247
29.141879114924247
29.141879114924247
29.14731713041471
29.146091677098493
29.146091677098493
29.146091677098493
29.146091677098493
29.146091677098493
29.146091677098493
29.146091677098493
29.146068161063518
29.146068161063518
29.14441255864133
29.14441255864133
29.14441255864133
29.14441255864133
29.14441255864133
29.14441255864133
29.143201967174278
29.143201967174278
29.143201967174278
29.143201967174278
29.143201967174278
29.143201967174278
29.144843939464774
29.144843939464774
29.144843939464774
29.13201777171016
29.13201777171016
29.13201777171016
29.13201777171016
29.13201777171016
29.13201777171016
29.13201777171016
29.13201777171016
29.13201777171016
29.13201777171016
29.13201777171016
29.13201777171016
29.13201777171016
29.13201777171016
29.13201777171016
29.13201777171016
29.13201777171016
29.13201777171016
29.131475744271587
29.131475744271587
29.092762232222732
29.092762232222732
29.128045694897448
29.092762232222732
29.092762232222732
29.092762232222732
29.08262981314579
29.08262981314579
29.08262981314579
28.98962783771293
28.98962783771293
28.98962783771293
28.98962783771293
28.98962783771293
28.98962783771293
28.98962783771293
29.184092673511866
29.064774614865343
28.964366814118083
28.964366814118083
28.964366814118083
28.964366814118083
28.964366814118083
28.964366814118083
28.964366814118083
28.964366814118083
28.964366814118083
28.964366814118083
28.964366814118083
28.964366814118083
28.964366814118083
28.964366814118083
28.964366814118083
28.964366814118083
28.964366814118083
28.964366814118083
28.964366814118083
28.937190445926973
28.937190445926973
28.937190445926973
28.937190445926973
28.937190445926973
28.93659976370345
28.93659976370345
28.93659976370345
28.93659976370345
28.93659976370345
28.93659976370345
28.93659976370345
28.93659976370345
28.93659976370345
28.93659976370345
28.93659976370345
28.93659976370345
28.93659976370345
28.93659976370345
28.93659976370345
28.936464227269138
28.936464227269138
28.936464227269138
28.936464227269138
28.936464227269138
28.936464227269138
28.936464227269138
28.936464227269138
28.936464227269138
28.936464227269138
28.936464227269138
28.936464227269138
28.936464227269138
28.936464227269138
28.936464227269138
28.936464227269138
28.936464227269138
28.936464227269138
28.936464227269138
28.936464227269138
28.936464227269138
28.936464227269138
28.936464227269138
28.936464227269138
28.936464227269138
28.936464227269138
28.936464227269138
28.936464227269138
28.936464227269138
28.936464227269138
28.936464227269138
28.936464227269138
28.936464227269138
28.936464227269138
28.923696607108
28.923696607108
28.923696607108
28.923696607108
28.923696607108
28.923696607108
28.923696607108
28.923696607108
28.923696607108
28.923696607108
28.923696607108
28.923696607108
28.923696607108
28.923696607108
28.923696607108
28.923696607108
28.923696607108
28.923696607108
28.923696607108
28.923696607108
28.949969778454573
28.923696607108
28.923696607108
28.93646389513558
28.923696607108
28.923696607108
28.923696607108
28.923696607108
28.923696607108
28.923696607108
28.923696607108
28.923696607108
28.923696607108
28.923696607108
28.923696607108
28.923696607108
28.934137928499744
28.923762639812157
28.923762639812157
28.923696607108
28.923696607108
28.923696607108
28.916708987138495
28.916708987138495
28.916708987138495
28.916708987138495
28.916708987138495
28.916708987138495
28.916708987138495
28.91588726256124
28.91588726256124
28.91588726256124
28.49362513551193
28.49362513551193
28.49362513551193
28.49362513551193
28.49362513551193
28.49362513551193
28.49362513551193
28.91563888733024
28.49362513551193
28.49362513551193
28.49362513551193
28.49362513551193
28.49362513551193
28.915062351887208
28.915062351887208
28.915062351887208
28.915062351887208
28.915062351887208
28.915062351887208
28.915062351887208
28.915062351887208
28.915062351887208
28.914924797606414
28.914924797606414
28.914924797606414
28.914924797606414
28.914924797606414
28.914924797606414
28.914924797606414
28.914924797606414
28.914924797606414
28.914895046700106
28.914895046700106
28.914889634544064
28.914889634544064
28.914889634544064
28.914886250608163
28.910641049341717
28.909248504211003
28.909248504211003
28.909248504211003
28.909248504211003
28.909248504211003
28.909248504211003
28.909248504211003
28.909248504211003
28.909248504211003
28.915116537686693
28.915116537686693
28.91000158969206
28.91000158969206
28.91000158969206
28.91000158969206
28.908510663557365
28.90825858304256
28.90825858304256
28.690475312636714
28.690475312636714
28.690475312636714
28.690475312636714
28.690475312636714
28.690475312636714
28.91015116244776
28.49362513551193
28.876569947138446
28.83680740712018
28.831061325949182
28.831061325949182
28.824489726222303
28.857935824654497
28.74237293971862
28.74237293971862
28.74237293971862
28.17730992123502
28.17730992123502
28.17730992123502
28.17730992123502
28.17730992123502
28.17730992123502
28.17730992123502
28.17730992123502
28.17730992123502
28.17730992123502
28.17730992123502
28.17730992123502
28.17730992123502
28.17730992123502
28.17730992123502
28.17730992123502
28.17730992123502
28.17730992123502
28.17730992123502
28.17730992123502
28.17730992123502
28.17730992123502
28.17730992123502
28.17730992123502
28.72790943852892
28.72790943852892
28.72790943852892
28.72790943852892
28.72790943852892
28.72790943852892
28.72790943852892
28.72790943852892
28.72790943852892
28.17730992123502
28.17730992123502
28.708019754236798
28.708019754236798
28.708019754236798
28.708019754236798
28.708019754236798
28.708019754236798
28.708019754236798
28.708019754236798
28.708019754236798
28.708019754236798
28.708019754236798
28.708019754236798
28.708019754236798
28.708019754236798
28.708019754236798
28.708019754236798
28.708019754236798
28.707870888841104
28.707870888841104
28.707870888841104
28.707870888841104
28.707870888841104
28.707870888841104
28.707870888841104
28.707870888841104
28.707870888841104
28.707870888841104
28.707870888841104
28.707870888841104
28.7077171531555
28.7077171531555
28.7077171531555
28.7077171531555
28.7077171531555
28.7077171531555
28.7077171531555
28.7077171531555
28.76333085969098
28.852030654476113
28.724515456569314
28.724515456569314
28.724515456569314
28.559326601578295
28.559326601578295
28.559326601578295
28.559326601578295
28.559326601578295
28.559326601578295
28.540079003342612
28.540079003342612
28.540079003342612
28.540079003342612
28.540079003342612
27.944263174448825
27.944263174448825
27.944263174448825
27.944263174448825
27.944263174448825
27.944263174448825
27.944263174448825
27.944263174448825
27.944263174448825
27.944263174448825
27.944263174448825
27.944263174448825
27.944263174448825
27.944263174448825
27.944263174448825
27.944263174448825
27.944263174448825
27.944263174448825
27.944263174448825
27.944263174448825
27.944263174448825
27.944263174448825
27.944263174448825
27.944263174448825
27.944263174448825
27.944263174448825
27.944263174448825
27.944263174448825
27.944263174448825
27.944263174448825
27.944263174448825
27.944263174448825
27.944263174448825
27.944263174448825
27.944263174448825
27.944263174448825
27.944263174448825
27.944263174448825
27.944263174448825
27.944263174448825
27.944263174448825
27.944263174448825
28.49362513551193
28.488182898021016
28.488182898021016
28.488182898021016
28.417532255274132
28.417532255274132
28.417532255274132
28.417532255274132
28.417532255274132
28.417532255274132
28.417532255274132
28.417532255274132
28.417532255274132
28.417532255274132
28.417532255274132
28.417532255274132
28.42585071449127
28.42585071449127
28.358664670053656
28.358664670053656
28.33205129549072
28.33205129549072
28.33205129549072
28.33205129549072
28.33205129549072
28.33205129549072
28.33205129549072
28.33205129549072
28.33205129549072
28.33205129549072
28.33205129549072
28.33205129549072
28.33205129549072
28.33205129549072
28.33205129549072
28.33205129549072
28.332525722807834
28.332525722807834
28.332525722807834
28.332525722807834
28.332525722807834
28.332525722807834
28.332525722807834
28.331634606643696
28.331634606643696
28.331634606643696
28.331634606643696
28.331634606643696
28.331634606643696
28.331634606643696
28.331634606643696
28.328532164578725
28.325377157023368
28.321543674039113
28.321543674039113
28.321543674039113
28.321543674039113
28.321543674039113
28.321543674039113
28.321543674039113
28.321543674039113
28.321543674039113
28.321543674039113
28.321543674039113
28.321211591241077
28.320479505666977
28.320479505666977
28.320479505666977
28.320479505666977
28.320479505666977
28.320479505666977
28.354210427548377
28.32047163723324
28.289214542117154
28.289214542117154
28.28845367440948
28.28845367440948
28.28845367440948
28.28845367440948
28.28845367440948
28.36204757732442
28.288018143861613
28.288018143861613
28.288018143861613
28.288018143861613
28.288018143861613
28.288018143861613
28.288018143861613
28.288018143861613
28.288018143861613
28.288018143861613
28.288018143861613
28.280375706690403
28.280375706690403
28.280375706690403
28.280375706690403
28.280375706690403
28.280375706690403
28.280375706690403
28.280375706690403
28.280375706690403
28.280375706690403
28.280375706690403
28.280375706690403
28.2887276786931
28.2887276786931
28.28762881637489
28.28762881637489
28.28762881637489
28.28762881637489
28.27227741397123
28.24433982409424
28.24433982409424
28.235530537731883
28.235530537731883
28.235530537731883
28.235530537731883
28.235530537731883
28.235530537731883
28.23390419273339
28.23390419273339
28.21863807346554
28.21863807346554
28.21863807346554
28.21863807346554
28.21863807346554
28.21863807346554
28.21863807346554
28.21863807346554
28.21863807346554
28.21863807346554
28.21863807346554
28.21863807346554
28.21863807346554
28.21863807346554
28.21863807346554
28.21863807346554
28.21863807346554
28.21863807346554
28.21863807346554
28.21863807346554
28.21863807346554
28.21863807346554
28.21863807346554
28.21863807346554
28.21863807346554
28.21863807346554
28.21863807346554
28.21863807346554
28.21863807346554
28.21863807346554
28.21863807346554
28.21863807346554
28.21863807346554
28.21863807346554
28.21863807346554
28.21863807346554
28.21863807346554
28.21863807346554
28.21863807346554
28.21863807346554
28.21863807346554
28.21863807346554
28.21863807346554
28.21863807346554
28.21863807346554
28.21863807346554
28.21863807346554
28.21863807346554
28.21863807346554
28.21863807346554
28.21863807346554
28.21863807346554
28.21863807346554
28.21863807346554
28.21863807346554
28.21863807346554
28.21863807346554
28.21863807346554
28.21862912213264
28.21862912213264
28.21862912213264
28.21862912213264
28.21862912213264
28.21862912213264
28.21862912213264
28.21862912213264
28.21862912213264
28.21862912213264
28.21862912213264
28.21862912213264
28.21862912213264
28.21862912213264
28.21862912213264
28.21862912213264
28.21862912213264
28.21862912213264
28.245806344376323
28.174025797491073
28.174025797491073
28.174025797491073
28.174025797491073
28.174025797491073
28.174025797491073
28.174025797491073
28.174025797491073
28.174025797491073
28.174025797491073
28.174025797491073
28.174025797491073
28.174025797491073
28.264102714266166
28.16712825542007
28.12528548213305
28.12528548213305
28.12528548213305
28.12528548213305
28.125670943240863
28.12528548213305
28.118727813760856
28.118727813760856
28.118727813760856
28.118727813760856
28.118727813760856
28.116659303453847
28.116659303453847
28.116659303453847
28.116659303453847
28.116659303453847
28.116659303453847
28.116659303453847
28.116659303453847
28.116659303453847
28.116659303453847
28.116659303453847
28.116659303453847
28.116659303453847
28.116659303453847
28.116659303453847
28.116659303453847
28.116659303453847
28.116659303453847
28.116659303453847
28.116659303453847
28.116659303453847
28.116659303453847
28.116659303453847
28.116659303453847
28.116659303453847
28.116659303453847
28.116659303453847
28.116659303453847
28.116659303453847
28.116659303453847
28.116659303453847
28.116659303453847
28.116659303453847
28.116659303453847
28.12937076803187
28.117925856761147
28.023264145870332
28.023264145870332
27.992567233464484
27.992567233464484
28.017556837055764
28.017556837055764
28.017556837055764
28.017556837055764
28.017556837055764
28.017556837055764
28.017556837055764
28.017556837055764
28.017556837055764
28.017556837055764
28.017556837055764
28.017556837055764
28.017556837055764
28.017556837055764
28.017556837055764
28.017556837055764
28.017556837055764
28.017556837055764
28.017556837055764
28.017556837055764
28.017556837055764
28.017556837055764
28.017556837055764
28.017556837055764
28.017556837055764
28.006126502677027
28.006126502677027
28.003871481618337
28.003871481618337
28.003871481618337
28.01227308494269
28.01227308494269
28.006691453369402
27.97445879327429
27.97445879327429
27.97445879327429
27.97445879327429
27.97445879327429
27.97445879327429
27.910770026812838
27.910770026812838
27.910770026812838
27.910770026812838
27.910770026812838
27.910770026812838
27.910770026812838
27.910770026812838
27.993278031008405
27.993278031008405
27.993278031008405
27.993278031008405
27.993278031008405
27.992567233464484
27.992567233464484
27.992567233464484
27.992567233464484
27.992567233464484
27.992567233464484
27.992567233464484
27.992207045368072
27.992207045368072
27.992207045368072
27.992207045368072
27.992207045368072
27.992207045368072
27.992207045368072
27.992207045368072
27.992207045368072
27.992207045368072
28.00276904254606
27.985736514789583
27.985736514789583
27.985736514789583
27.985736514789583
27.985736514789583
27.985736514789583
27.923806570623515
27.923806570623515
27.923806570623515
27.923806570623515
27.923806570623515
27.97597085695304
27.97597085695304
27.97511030617574
27.97511030617574
27.974988724190016
27.974988724190016
27.974988724190016
27.974988724190016
27.974988724190016
27.974988724190016
27.974988724190016
27.974988724190016
27.974988724190016
27.974988724190016
27.974988724190016
27.974988724190016
27.974988724190016
27.974988724190016
27.974988724190016
27.974988724190016
27.974988724190016
27.974988724190016
27.974988724190016
27.974988724190016
27.974988724190016
27.974988724190016
27.974988724190016
27.974988724190016
27.974988724190016
27.974988724190016
27.974988724190016
27.974988724190016
27.974988724190016
27.974988724190016
27.974988724190016
27.974988724190016
27.97445879327429
27.97445879327429
27.97445879327429
27.97445879327429
27.97445879327429
27.963769917389314
27.963769917389314
27.963769917389314
27.963769917389314
27.963769917389314
27.963769917389314
27.963769917389314
27.963769917389314
27.963769917389314
27.963769917389314
27.963769917389314
27.963769917389314
27.963769917389314
27.963769917389314
27.963769917389314
27.963769917389314
27.963769917389314
27.963769917389314
27.963769917389314
27.963769917389314
27.963769917389314
27.963769917389314
27.963769917389314
27.97445879327429
27.991366886630303
27.9739683820749
27.9739683820749
27.973540337012953
27.973540337012953
27.960685877698054
27.960685877698054
27.95097727135684
27.917069273660818
27.917069273660818
27.917069273660818
27.917069273660818
27.917069273660818
27.917069273660818
27.917069273660818
27.917069273660818
27.917069273660818
27.917069273660818
27.917069273660818
27.917069273660818
27.917069273660818
27.917069273660818
27.917069273660818
27.917069273660818
27.917069273660818
27.917069273660818
27.917069273660818
27.917069273660818
27.917069273660818
27.917069273660818
27.917069273660818
27.917069273660818
27.944263174448825
27.944263174448825
27.941909261184236
27.941909261184236
27.941909261184236
27.941909261184236
27.94332197338659
27.94332197338659
27.941909261184236
27.941909261184236
27.941909261184236
27.941909261184236
27.942420239376542
27.942420239376542
27.942420239376542
27.942420239376542
27.942420239376542
27.942420239376542
27.941909261184236
27.94139283019746
27.94139283019746
27.94139283019746
27.941012150585017
27.941012150585017
27.941012150585017
27.941012150585017
27.941012150585017
27.941194178280906
27.941194178280906
27.941194178280906
27.941194178280906
27.941012150585017
27.941012150585017
27.941012150585017
27.941012150585017
27.941012150585017
27.941012150585017
27.941012150585017
27.941012150585017
27.941012150585017
27.94311892396949
27.939941575908158
27.939941575908158
27.939941575908158
27.939941575908158
27.939941575908158
27.939941575908158
27.939941575908158
27.939941575908158
27.939941575908158
27.939941575908158
27.939941575908158
27.939941575908158
27.93989817704803
27.93989817704803
27.939832148853785
27.939832148853785
27.939832148853785
27.939832148853785
27.939832148853785
27.939832148853785
27.939832148853785
27.939832148853785
27.939832148853785
27.939832148853785
27.939832148853785
27.939832148853785
27.939832148853785
27.939832148853785
27.939832148853785
27.939832148853785
27.939832148853785
27.939832148853785
27.939832148853785
27.93983088984426
27.93983088984426
27.93983088984426
27.93983088984426
27.93983088984426
27.911116579117216
27.911150366394285
27.911150366394285
27.911150366394285
27.911150366394285
27.911150366394285
27.911150366394285
27.911150366394285
27.911150366394285
27.917069273660818
27.917069273660818
27.911116579117216
27.908536265952872
27.908536265952872
27.90812526853905
27.90812526853905
27.90812526853905
27.90812526853905
27.90812526853905
27.90812526853905
27.90812526853905
27.90812526853905
27.90812526853905
27.90812526853905
27.90812526853905
27.90812526853905
27.90812526853905
27.90812526853905
27.90812526853905
27.90812526853905
27.90812526853905
27.90812526853905
27.90812526853905
27.90812526853905
27.90812526853905
27.90812526853905
27.90812526853905
27.90812526853905
27.90812526853905
27.90812526853905
27.90812526853905
27.90812526853905
27.90812526853905
27.90812526853905
27.90812526853905
27.90812526853905
27.90812526853905
27.90812526853905
27.90812526853905
27.90812526853905
27.90812526853905
27.90812526853905
27.90812526853905
27.907584814348
27.907584814348
27.907584814348
27.907584814348
27.907584814348
27.907584814348
27.907584814348
27.907584814348
27.907584814348
27.907584814348
27.907584814348
27.907584814348
27.907584814348
27.907584814348
27.907584814348
27.907584814348
27.907584814348
27.907584814348
27.90725964623748
27.90725964623748
27.90725964623748
27.90725964623748
27.90725964623748
27.90725964623748
27.90725964623748
27.90725964623748
27.90725964623748
27.90725964623748
27.90725964623748
27.90725964623748
27.90725964623748
27.90725964623748
27.90725964623748
27.921776524416984
27.90725964623748
27.89091285976375
27.89091285976375
27.89091285976375
27.889512192572226
27.889512192572226
27.889512192572226
27.888379008909805
27.888379008909805
27.888379008909805
27.888379008909805
27.888379008909805
27.888379008909805
27.888379008909805
27.888379008909805
27.888379008909805
27.888379008909805
27.888379008909805
27.888379008909805
27.890211335053852
27.887945682749873
27.887945682749873
27.887237295270037
27.887237295270037
27.887237295270037
27.887237295270037
27.887643692863755
27.887643692863755
27.887643692863755
27.886072070291362
27.886072070291362
27.886072070291362
27.886072070291362
27.886072070291362
27.886072070291362
27.886072070291362
27.886072070291362
27.886072070291362
27.886072070291362
27.886072070291362
27.886072070291362
27.886072070291362
27.886072070291362
27.886072070291362
27.886072070291362
27.88556561236592
27.88556561236592
27.88565050656374
27.88565050656374
27.88565050656374
27.88565050656374
27.88565050656374
27.88565050656374
27.88565050656374
27.88565050656374
27.88565050656374
27.88565050656374
27.88565050656374
27.88565050656374
27.88565050656374
27.88565050656374
27.88565050656374
27.947066678195075
27.902888786451115
27.885552432726836
27.885552432726836
27.868407042330965
27.868407042330965
27.868407042330965
27.868407042330965
27.868407042330965
27.868407042330965
27.868407042330965
27.868407042330965
27.868407042330965
27.868407042330965
27.868407042330965
27.868407042330965
27.868407042330965
27.868407042330965
27.868407042330965
27.868407042330965
27.868407042330965
27.874983081076124
27.874983081076124
27.874983081076124
27.874983081076124
27.874983081076124
27.863976562581872
27.863976562581872
27.863976562581872
27.863976562581872
27.863976562581872
27.863976562581872
27.863976562581872
27.863976562581872
27.863976562581872
27.863976562581872
27.863976562581872
27.863976562581872
27.863976562581872
27.863976562581872
27.863976562581872
27.863976562581872
27.863976562581872
27.863976562581872
27.863976562581872
27.863976562581872
27.863976562581872
27.863976562581872
27.863976562581872
27.863976562581872
27.863976562581872
27.863976562581872
27.863976562581872
27.863976562581872
27.863976562581872
27.863976562581872
27.863976562581872
27.863976562581872
27.863976562581872
27.863976562581872
27.863976562581872
27.863976562581872
27.863976562581872
27.863976562581872
27.863976562581872
27.863976562581872
27.863976562581872
27.863976562581872
27.863976562581872
27.863976562581872
27.86399308113485
27.86399308113485
27.86399308113485
27.86399308113485
27.86399308113485
27.86399308113485
27.849088303701453
27.849088303701453
27.849088303701453
27.849088303701453
27.849088303701453
27.849088303701453
27.849088303701453
27.849088303701453
27.849088303701453
27.849088303701453
27.849088303701453
27.849088303701453
27.847739457523854
27.847739457523854
27.847739457523854
27.847739457523854
27.847739457523854
27.847739457523854
27.842232329676627
27.842232329676627
27.842232329676627
27.842232329676627
27.842232329676627
27.842232329676627
27.842232329676627
27.842232329676627
27.842232329676627
27.842232329676627
27.842232329676627
27.842232329676627
27.842232329676627
27.842232329676627
27.842232329676627
27.842232329676627
27.842232329676627
27.842232329676627
27.846040806191503
27.81737095203547
27.81737095203547
27.80984658853327
27.80984658853327
27.80984658853327
27.80984658853327
27.80984658853327
27.80984658853327
27.80984658853327
27.80984658853327
27.80984658853327
27.80984658853327
27.80984658853327
27.80984658853327
27.80984658853327
27.80984658853327
27.80500889714899
27.80500889714899
27.80500889714899
27.80500889714899
27.80500889714899
27.80500889714899
27.80500889714899
27.80367400594341
27.80367400594341
27.80367400594341
27.80367400594341
27.801920530732787
27.801920530732787
27.801920530732787
27.801920530732787
27.801920530732787
27.801920530732787
27.801920530732787
27.801920530732787
27.801920530732787
27.801920530732787
27.801920530732787
27.801920530732787
27.801920530732787
27.801920530732787
27.801920530732787
27.801920530732787
27.801920530732787
27.801920530732787
27.801920530732787
27.801920530732787
27.801920530732787
27.801920530732787
27.801920530732787
27.801920530732787
27.801920530732787
27.801920530732787
27.801920530732787
27.801920530732787
27.801920530732787
27.801920530732787
27.801920530732787
27.801920530732787
27.801920530732787
27.801920530732787
27.801920530732787
27.801920530732787
27.801920530732787
27.801920530732787
27.801920530732787
27.801920530732787
27.801920530732787
27.801920530732787
27.801920530732787
27.801920530732787
27.801920530732787
27.801920530732787
27.801920530732787
27.801920530732787
27.79942005380973
27.79942005380973
27.798615951309802
27.798615951309802
27.798615951309802
27.797143668451707
27.797143668451707
27.797143668451707
27.797143668451707
27.797143668451707
27.797143668451707
27.797143668451707
27.797141916163202
27.797141916163202
27.797141916163202
27.797141916163202
27.797141916163202
27.797141916163202
27.797123084248224
27.797123084248224
27.797123084248224
27.797123084248224
27.797123084248224
27.797123084248224
27.797123084248224
27.797123084248224
27.797123084248224
27.797123084248224
27.797123084248224
27.78907675048809
27.78907675048809
27.78907675048809
27.78907675048809
27.78907675048809
27.78907675048809
27.78907675048809
27.78907675048809
27.78907675048809
27.78907675048809
27.78907675048809
27.78907675048809
27.78907675048809
27.78907675048809
27.78907675048809
27.78907675048809
27.78907675048809
27.78907675048809
27.78907675048809
27.78907675048809
27.797121185531243
27.795914916195322
27.79253669935808
27.790559497620183
27.789477266327765
27.789477266327765
27.789477266327765
27.78907675048809
27.78887046420799
27.78887046420799
27.78887046420799
27.78907675048809
27.788391722565635
27.788391722565635
27.788391722565635
27.788391722565635
27.788391722565635
27.788391722565635
27.788391722565635
27.78831440548206
27.78831440548206
27.78831440548206
27.78831440548206
27.78831440548206
27.78831440548206
27.78831440548206
27.78831440548206
27.78831440548206
27.78831440548206
27.78831440548206
27.78831440548206
27.78831440548206
27.78831440548206
27.78831440548206
27.78831440548206
27.78831440548206
27.78831440548206
27.78831440548206
27.78831440548206
27.78831440548206
27.78831440548206
27.78831440548206
27.78831440548206
27.78831440548206
27.78831440548206
27.78831440548206
27.78831440548206
27.78831440548206
27.78958398726721
27.788783148512074
27.787017394742335
27.787017394742335
27.787017394742335
27.787017394742335
27.787017394742335
27.787207305121616
27.78830118552475
27.785406266985404
27.785406266985404
27.783540424648468
27.783540424648468
27.783540424648468
27.78329814098817
27.78329814098817
27.78329814098817
27.783201532432983
27.783201532432983
27.797870588270104
27.781707220119788
27.774580118752326
27.774580118752326
27.774580118752326
27.774580118752326
27.774580118752326
27.774580118752326
27.774580118752326
27.774580118752326
27.774580118752326
27.774580118752326
27.774580118752326
27.774580118752326
27.774580118752326
27.774580118752326
27.774580118752326
27.774580118752326
27.774580118752326
27.774580118752326
27.774580118752326
27.774580118752326
27.774580118752326
27.774580118752326
27.80242888412255
27.775082989956864
27.766012391192714
27.762074398931606
27.762074398931606
27.762074398931606
27.762074398931606
27.762074398931606
27.759030001484536
27.759030001484536
27.754301506725696
27.754301506725696
27.754301506725696
27.754301506725696
27.754301506725696
27.754301506725696
27.754301506725696
27.754301506725696
27.754075880924873
27.754075880924873
27.75310685220995
27.75310685220995
27.75310685220995
27.75310685220995
27.75310685220995
27.75310685220995
27.75310685220995
27.75310685220995
27.75310685220995
27.761350673919818
27.753032490271167
27.753032490271167
27.753032490271167
27.752151582479623
27.752151582479623
27.752151582479623
27.752151582479623
27.78009873132274
27.75296112107492
27.75296112107492
27.75296112107492
27.745106463406877
27.745106463406877
27.745106463406877
27.745106463406877
27.745106463406877
27.745106463406877
27.745106463406877
27.745106463406877
27.745106463406877
27.74289065800595
27.74289065800595
27.74289065800595
27.74289065800595
27.74289065800595
27.74122959193413
27.74122959193413
27.72040116047579
27.72040116047579
27.72040116047579
27.72040116047579
27.72040116047579
27.72040116047579
27.72040116047579
27.72040116047579
27.72040116047579
27.72040116047579
27.72040116047579
27.72040116047579
27.72040116047579
27.72040116047579
27.72040116047579
27.72040116047579
27.72040116047579
27.72040116047579
27.72040116047579
27.72040116047579
27.72040116047579
27.72040116047579
27.72040116047579
27.72040116047579
27.72040116047579
27.72040116047579
27.72040116047579
27.72040116047579
27.72040116047579
27.72040116047579
27.72040116047579
27.72040116047579
27.716821077405232
27.716821077405232
27.716821077405232
27.716821077405232
27.719852365812606
27.719852365812606
27.719852365812606
27.719852365812606
27.719852365812606
27.719852365812606
27.719852365812606
27.719852365812606
27.719852365812606
27.719852365812606
27.719852365812606
27.719852365812606
27.719852365812606
27.719852365812606
27.717512752573434
27.717512752573434
27.717512752573434
27.717512752573434
27.717512752573434
27.717512752573434
27.717512752573434
27.716821077405232
27.716821077405232
27.716821077405232
27.716821077405232
27.716821077405232
27.716821077405232
27.716821077405232
27.716821077405232
27.716821077405232
27.71679860003527
27.71679860003527
27.71679860003527
27.716821077405232
27.716821077405232
27.716821077405232
27.716821077405232
27.716821077405232
27.716821077405232
27.727991053382528
27.715880339765945
27.715880339765945
27.715880339765945
27.715880339765945
27.715880339765945
27.715880339765945
27.677438984171655
27.677438984171655
27.677438984171655
27.677438984171655
27.677438984171655
27.677438984171655
27.677438984171655
27.677438984171655
27.677438984171655
27.677438984171655
27.677438984171655
27.677438984171655
27.677438984171655
27.677438984171655
27.677438984171655
27.677438984171655
27.677438984171655
27.677438984171655
27.677438984171655
27.677438984171655
27.677438984171655
27.677438984171655
27.677438984171655
27.677438984171655
27.677438984171655
27.677438984171655
27.677438984171655
27.677438984171655
27.677438984171655
27.677438984171655
27.677438984171655
27.677438984171655
27.677438984171655
27.677438984171655
27.677438984171655
27.677438984171655
27.677438984171655
27.677438984171655
27.677438984171655
27.677438984171655
27.677438984171655
27.677438984171655
27.677438984171655
27.677438984171655
27.677438984171655
27.677438984171655
27.677438984171655
27.677438984171655
27.677438984171655
27.708318747016428
27.69869211231537
27.694687724364954
27.694687724364954
27.693751673690592
27.693751673690592
27.693751673690592
27.693751673690592
27.693751673690592
27.693751673690592
27.693751673690592
27.693751673690592
27.693751673690592
27.693751673690592
27.693751673690592
27.693751673690592
27.693751673690592
27.693751673690592
27.693751673690592
27.693751673690592
27.693751673690592
27.693751673690592
27.70749972838224
27.693751673690592
27.693751673690592
27.693751673690592
27.690366654679387
27.690366654679387
27.690366654679387
27.690366654679387
27.690366654679387
27.690366654679387
27.690366654679387
27.690366654679387
27.690366654679387
27.690366654679387
27.690366654679387
27.690374131720965
27.690374131720965
27.690374131720965
27.690374131720965
27.690374131720965
27.689256239276297
27.689256239276297
27.689256239276297
27.689256239276297
27.689256239276297
27.689256239276297
27.689256239276297
27.689239428150156
27.689239428150156
27.689239428150156
27.689239428150156
27.689239428150156
27.688565219586668
27.688565219586668
27.688565219586668
27.688424061520443
27.688424061520443
27.688424061520443
27.688424061520443
27.688424061520443
27.688424061520443
27.688424061520443
27.688424061520443
27.688424061520443
27.688424061520443
27.688424061520443
27.688424061520443
27.688424061520443
27.688424061520443
27.688424061520443
27.688424061520443
27.688424061520443
27.688417830510037
27.688417830510037
27.688375690442726
27.688375690442726
27.688375690442726
27.688375690442726
27.688375690442726
27.688375690442726
27.688375690442726
27.688375690442726
27.688375690442726
27.688375690442726
27.688375690442726
27.692473417617236
27.688375690442726
27.688375690442726
27.688375690442726
27.688375690442726
27.681408225029408
27.681408225029408
27.681408225029408
27.681408225029408
27.681408225029408
27.681408225029408
27.681408225029408
27.681408225029408
27.681408225029408
27.681408225029408
27.681408225029408
27.681408225029408
27.681408225029408
27.681408225029408
27.681408225029408
27.681408225029408
27.681408225029408
27.681408225029408
27.693659167992436
27.677438984171655
27.677438984171655
27.677438984171655
27.672464126028668
27.672464126028668
27.672464126028668
27.672464126028668
27.672464126028668
27.672464126028668
27.672464126028668
27.664709462296315
27.664709462296315
27.664709462296315
27.66011765763328
27.66011765763328
27.66011765763328
27.66011765763328
27.66011765763328
27.66011765763328
27.66011765763328
27.66011765763328
27.66011765763328
27.66011765763328
27.645143622816537
27.645143622816537
27.645143622816537
27.645143622816537
27.645143622816537
27.645143622816537
27.645143622816537
27.645143622816537
27.66266568449435
27.66266568449435
27.659999311232284
27.659999311232284
27.659999311232284
27.659999311232284
27.659999311232284
27.659999311232284
27.659999311232284
27.659999311232284
27.659999311232284
27.64722063404823
27.64722063404823
27.64722063404823
27.64722063404823
27.64722063404823
27.646439834557963
27.646439834557963
27.64693408095359
27.646439834557963
27.646439834557963
27.64667437113344
27.64667437113344
27.64470787394475
27.64470787394475
27.64470787394475
27.64470787394475
27.64470787394475
27.64470787394475
27.644219726445524
27.644219726445524
27.644219726445524
27.644219726445524
27.644219726445524
27.644219726445524
27.644219726445524
27.644165223126095
27.644165223126095
27.644152340206663
27.644152340206663
27.644152340206663
27.644145333874032
27.644145333874032
27.644145333874032
27.644145333874032
27.644145333874032
27.644145333874032
27.644145333874032
27.644145333874032
27.644145333874032
27.644145333874032
27.644141984700507
27.644141984700507
27.644141984700507
27.644141984700507
27.644141984700507
27.644141984700507
27.644141984700507
27.644141984700507
27.644141984700507
27.644141984700507
27.644141291076316
27.625893996430396
27.625893996430396
27.625893996430396
27.625893996430396
27.625893996430396
27.625893996430396
27.649863093100507
27.643301802400643
27.63259263232991
27.63259263232991
27.624000805047128
27.624000805047128
27.61670432765717
27.61670432765717
27.61670432765717
27.61670432765717
27.61670432765717
27.61586976615059
27.61586976615059
27.61586976615059
27.61586976615059
27.61586976615059
27.61586976615059
27.61586976615059
27.61586976615059
27.61586976615059
27.61586976615059
27.61586976615059
27.61586976615059
27.61586976615059
27.61586976615059
27.61586976615059
27.615614677529166
27.615614677529166
27.615614677529166
27.615614677529166
27.61574689713659
27.61574689713659
27.61399002988732
27.61399002988732
27.61360808840024
27.61360808840024
27.61360808840024
27.61360808840024
27.61360808840024
27.61360808840024
27.61360808840024
27.61360808840024
27.613576051339756
27.613576051339756
27.613576051339756
27.613576051339756
27.613576051339756
27.613576051339756
27.613576051339756
27.613576051339756
27.61357354269028
27.61357354269028
27.61357354269028
27.61357354269028
27.61357354269028
27.61357354269028
27.61357354269028
27.61357354269028
27.61357354269028
27.61357354269028
27.61357354269028
27.61357354269028
27.61357354269028
27.61357354269028
27.61357354269028
27.61357354269028
27.61357354269028
27.61357354269028
27.61357354269028
27.613572563055236
27.613572563055236
27.613572563055236
27.613572563055236
27.613572563055236
27.613572563055236
27.613572563055236
27.613572563055236
27.61424088289143
27.613287864765248
27.613287864765248
27.613287864765248
27.613287864765248
27.613287864765248
27.613287864765248
27.613287864765248
27.613287864765248
27.613287864765248
27.613287864765248
27.613287864765248
27.613720253788117
27.613720253788117
27.613720253788117
27.60636257271459
27.60636257271459
27.60636257271459
27.60636257271459
27.60636257271459
27.60636257271459
27.60636257271459
27.60636257271459
27.60636257271459
27.60636257271459
27.60636257271459
27.60636257271459
27.60636257271459
27.60636257271459
27.60636257271459
27.60636257271459
27.60636257271459
27.60636257271459
27.60636257271459
27.60636257271459
27.60636257271459
27.60636257271459
27.60636257271459
27.60636257271459
27.60636257271459
27.60636257271459
27.60636257271459
27.60636257271459
27.60636257271459
27.60636257271459
27.60636257271459
27.60636257271459
27.60636257271459
27.60636257271459
27.60636257271459
27.60636257271459
27.60636257271459
27.60636257271459
27.60636257271459
27.60636257271459
27.60636257271459
27.60636257271459
27.60636257271459
27.60636257271459
27.60636257271459
27.60636257271459
27.60636257271459
27.60636257271459
27.60636257271459
27.60636257271459
27.60636257271459
27.60636257271459
27.60636257271459
27.606226806745696
27.606226806745696
27.606226806745696
27.606226806745696
27.606226806745696
27.606226806745696
27.606226806745696
27.606226806745696
27.606226806745696
27.606226806745696
27.606226806745696
27.606226806745696
27.606226806745696
27.606226806745696
27.606226806745696
27.606226806745696
27.606226806745696
27.606226806745696
27.606226806745696
27.606226806745696
27.606226806745696
27.606226806745696
27.606226806745696
27.606160669749006
27.606160669749006
27.606160669749006
27.606160669749006
27.606160669749006
27.606160669749006
27.606160669749006
27.606158025090835
27.60614343695619
27.60614343695619
27.60614343695619
27.60614343695619
27.60614343695619
27.60614343695619
27.60614343695619
27.606135397357257
27.606135397357257
27.606135397357257
27.606135397357257
27.606135397357257
27.606135397357257
27.606135397357257
27.606135397357257
27.606135397357257
27.606135397357257
27.606135397357257
27.606135397357257
27.606135397357257
27.60503502344109
27.60503502344109
27.60503502344109
27.60503502344109
27.60503502344109
27.60503502344109
27.60503502344109
27.60503502344109
27.60503502344109
27.60503502344109
27.60503502344109
27.60503502344109
27.60503502344109
27.60503502344109
27.60503502344109
27.60503502344109
27.60503502344109
27.604787938476534
27.604787938476534
27.604787938476534
27.604787938476534
27.604787938476534
27.604787938476534
27.604787938476534
27.604766193798035
27.604766193798035
27.60914955830642
27.604765642673435
27.60152689022879
27.60152689022879
27.60152689022879
27.60152689022879
27.59761552862743
27.59761552862743
27.59761552862743
27.59761552862743
27.59761552862743
27.59761552862743
27.59761552862743
27.59761552862743
27.59761552862743
27.59761552862743
27.59761552862743
27.59761552862743
27.59761552862743
27.59761552862743
27.59761552862743
27.59761552862743
27.59761552862743
27.59761552862743
27.59761552862743
27.59761552862743
27.59761552862743
27.59761552862743
27.59761552862743
27.59761552862743
27.59761552862743
27.59761552862743
27.59761552862743
27.59761552862743
27.59761552862743
27.59761552862743
27.59761552862743
27.59761552862743
27.59761552862743
27.59761552862743
27.59761552862743
27.59761552862743
27.59761552862743
27.59761552862743
27.59761552862743
27.59761552862743
27.59761552862743
27.59761552862743
27.59761552862743
27.59761552862743
27.59761552862743
27.59761552862743
27.59761552862743
27.59761552862743
27.59761552862743
27.59761552862743
27.59761552862743
27.59761552862743
27.59761552862743
27.59761552862743
27.59761552862743
27.59761552862743
27.59761552862743
27.59761552862743
27.604741576618686
27.56942191409465
27.56942191409465
27.56942191409465
27.56942191409465
27.56912859964116
27.56912859964116
27.567632811498978
27.567632811498978
27.567632811498978
27.567632811498978
27.567632811498978
27.56912859964116
27.564936113902494
27.564936113902494
27.564936113902494
27.564936113902494
27.565318172125885
27.565318172125885
27.565318172125885
27.565318172125885
27.564936113902494
27.56452730159776
27.56452730159776
27.56452730159776
27.56452730159776
27.56452730159776
27.56452730159776
27.564380019171693
27.564380019171693
27.564380019171693
27.564380019171693
27.564380019171693
27.564380019171693
27.564380019171693
27.564380019171693
27.564380019171693
27.564380019171693
27.564380019171693
27.564380019171693
27.564380019171693
27.564380019171693
27.564380019171693
27.56436841912577
27.56436841912577
27.56436841912577
27.564367059297666
27.564367059297666
27.564367059297666
27.564367059297666
27.564367059297666
27.564367059297666
27.564367059297666
27.564367059297666
27.564367059297666
27.564367059297666
27.564367059297666
27.564367059297666
27.564367059297666
27.564367059297666
27.564367059297666
27.564367059297666
27.564367059297666
27.564367059297666
27.564367678286708
27.564367678286708
27.564367059699443
27.564367059699443
27.564367059699443
27.564367059699443
27.564367059699443
27.564367059699443
27.564367059699443
27.564367059699443
27.564367059699443
27.564367059699443
27.564367059699443
27.564367059699443
27.564367059699443
27.564367059699443
27.564367059699443
27.564367059699443
27.564367059699443
27.564367059699443
27.564367059699443
27.564367059699443
27.564367059699443
27.564367059699443
27.564367059699443
27.564367059699443
27.564367059699443
27.564367059699443
27.564367059699443
27.564367059699443
27.564367059699443
27.564407719523825
27.564399470475465
27.53567158465061
27.564108483763757
27.564108483763757
27.564108483763757
27.558925234963517
27.558925234963517
27.558925234963517
27.558925234963517
27.558925234963517
27.557010733921196
27.557010733921196
27.557010733921196
27.557010733921196
27.556703696784496
27.556523058044405
27.556523058044405
27.556523058044405
27.556523058044405
27.556523058044405
27.556523058044405
27.556523058044405
27.556523058044405
27.556515051493708
27.556515051493708
27.556515051493708
27.556515051493708
27.556515051493708
27.556515051493708
27.556515051493708
27.556515051493708
27.55651480077854
27.55651480077854
27.55651480077854
27.55651457481658
27.55651457481658
27.55651457481658
27.55651457481658
27.55651457481658
27.55651457481658
27.55651457481658
27.55651457481658
27.55651457481658
27.55651457481658
27.55651457481658
27.55651457481658
27.556514550260328
27.556514550260328
27.562022104035947
27.556021063040287
27.556021063040287
27.556021063040287
27.549243259987612
27.549243259987612
27.549243259987612
27.549243259987612
27.549243259987612
27.549243259987612
27.549243259987612
27.550806699192947
27.54698671095588
27.54698671095588
27.54698671095588
27.54698671095588
27.54698671095588
27.54698671095588
27.546241984695477
27.546241984695477
27.545730062056254
27.545730062056254
27.545730062056254
27.545730062056254
27.545730062056254
27.545730062056254
27.545730062056254
27.545730062056254
27.545597099082734
27.545597099082734
27.545597099082734
27.545597099082734
27.545597099082734
27.545597099082734
27.545570659738935
27.545570659738935
27.545561714094887
27.545561714094887
27.54556117924642
27.54556117924642
27.54556117924642
27.54556117924642
27.54556117924642
27.54556117924642
27.54556117924642
27.54556117924642
27.54556117924642
27.54556117924642
27.54556117924642
27.54556117924642
27.54556117924642
27.54556117924642
27.54556117924642
27.54556117924642
27.54556117924642
27.54556117924642
27.54556117924642
27.54556117924642
27.54556117924642
27.54556117924642
27.54556117924642
27.54556117924642
27.54556117924642
27.54556117924642
27.54556117924642
27.54556117924642
27.54556117924642
27.54556117924642
27.54556117924642
27.54556117924642
27.54556117924642
27.54556117924642
27.54556117924642
27.546481921000925
27.54556117924642
27.54584650124953
27.54584650124953
27.54556117924642
27.54556117924642
27.54556117924642
27.54556117924642
27.54556117924642
27.54556117924642
27.545068194332575
27.545068194332575
27.545068194332575
27.544861274083996
27.544685314926287
27.544685314926287
27.544685314926287
27.544685314926287
27.54260403733379
27.54260403733379
27.54260403733379
27.54260403733379
27.54260403733379
27.54260403733379
27.54260403733379
27.54260403733379
27.54260403733379
27.54260403733379
27.54260403733379
27.54260403733379
27.54260403733379
27.5420735008037
27.5420735008037
27.5420735008037
27.5420735008037
27.54190395656456
27.54190395656456
27.54190395656456
27.540920121184907
27.540920121184907
27.5401749376825
27.5401749376825
27.5401749376825
27.5401749376825
27.5401749376825
27.5401749376825
27.5401749376825
27.5401749376825
27.5401749376825
27.5401749376825
27.5401749376825
27.5405020708087
27.5405020708087
27.5405020708087
27.5405020708087
27.5405020708087
27.5405020708087
27.5405020708087
27.5405020708087
27.540473144384176
27.540473144384176
27.540473144384176
27.540473144384176
27.540473144384176
27.540473144384176
27.540473144384176
27.540473144384176
27.540473144384176
27.540473144384176
27.540473144384176
27.540473144384176
27.540473144384176
27.540473144384176
27.539158407755068
27.539158407755068
27.539158407755068
27.536775723964446
27.536775723964446
27.536775723964446
27.536775723964446
27.536775723964446
27.536775723964446
27.528284489871375
27.528284489871375
27.541865263901165
27.528284489871375
27.54084714911723
27.528337828102277
27.528337828102277
27.528337828102277
27.528337828102277
27.528337828102277
27.528337828102277
27.528337828102277
27.528337828102277
27.528337828102277
27.528337828102277
27.528337828102277
27.528337828102277
27.528337828102277
27.528337828102277
27.528337828102277
27.528337828102277
27.528337828102277
27.528337828102277
27.528337828102277
27.528337828102277
27.528337828102277
27.528337828102277
27.528337828102277
27.528337828102277
27.53567158465061
27.53567158465061
27.53567158465061
27.53481789789528
27.53481789789528
27.53481789789528
27.53481789789528
27.53481789789528
27.53481789789528
27.53481789789528
27.53481789789528
27.53481789789528
27.53481789789528
27.53481789789528
27.53481789789528
27.53481789789528
27.53481789789528
27.53481789789528
27.53481789789528
27.53481789789528
27.53481789789528
27.53481789789528
27.53481789789528
27.53481789789528
27.53481789789528
27.53481789789528
27.53481789789528
27.53481789789528
27.53481789789528
27.53481789789528
27.528337828102277
27.528337828102277
27.528337828102277
27.528337828102277
27.528337828102277
27.535096077007278
27.535096077007278
27.53470569045708
27.52974157825072
27.52974157825072
27.52974157825072
27.52974157825072
27.52974157825072
27.52974157825072
27.52974157825072
27.52974157825072
27.52974157825072
27.52974157825072
27.52974157825072
27.52974157825072
27.52974157825072
27.52974157825072
27.52974157825072
27.52974157825072
27.52974157825072
27.511696598812463
27.511696598812463
27.511696598812463
27.511696598812463
27.511696598812463
27.511696598812463
27.511696598812463
27.511696598812463
27.511696598812463
27.511696598812463
27.511696598812463
27.52854440074343
27.52854440074343
27.52854440074343
27.52853562112272
27.52853562112272
27.52853562112272
27.52853562112272
27.528417272227593
27.528417272227593
27.52844474323876
27.52837876394469
27.528301417826167
27.528301417826167
27.528301417826167
27.528301417826167
27.528301417826167
27.528301417826167
27.528331152184997
27.528331152184997
27.528331152184997
27.528331152184997
27.528301417826167
27.528301417826167
27.528301417826167
27.528301417826167
27.525909388682358
27.525909388682358
27.52437723816695
27.523293602638546
27.523293602638546
27.521804841268857
27.52162375751275
27.52162375751275
27.52162375751275
27.52162375751275
27.52162375751275
27.52073651076739
27.52073651076739
27.52073651076739
27.52073651076739
27.52073651076739
27.52073651076739
27.520407604996524
27.52024153093208
27.52024153093208
27.52024153093208
27.52024153093208
27.52024153093208
27.52024153093208
27.52024153093208
27.52024153093208
27.52024153093208
27.520224144454545
27.520224144454545
27.520224144454545
27.520004054253587
27.520004054253587
27.520004054253587
27.520004054253587
27.520004054253587
27.520004054253587
27.520004054253587
27.520004054253587
27.520004054253587
27.520004054253587
27.520004054253587
27.520004054253587
27.520004054253587
27.520004054253587
27.528284489871375
27.521661263794172
27.515991403706707
27.514716303142297
27.514716303142297
27.513868107767987
27.513868107767987
27.513868107767987
27.51400654428884
27.51230552314711
27.51230552314711
27.51230552314711
27.51230552314711
27.51230552314711
27.51230552314711
27.51230552314711
27.51230552314711
27.511907443116453
27.511907443116453
27.511907443116453
27.511907443116453
27.511907443116453
27.511907443116453
27.511907443116453
27.511907443116453
27.511907443116453
27.511907443116453
27.511907443116453
27.511907443116453
27.511907443116453
27.511907443116453
27.511770477240585
27.511770477240585
27.511770477240585
27.511770477240585
27.510184211833998
27.50943532717819
27.50943532717819
27.50943532717819
27.50943532717819
27.50943532717819
27.50870105102539
27.50870105102539
27.50870105102539
27.50870105102539
27.50870105102539
27.50870105102539
27.50870105102539
27.50870105102539
27.50870105102539
27.50870105102539
27.50870105102539
27.50870105102539
27.50870105102539
27.50870105102539
27.510184211833998
27.488699449613986
27.488699449613986
27.488699449613986
27.488699449613986
27.488699449613986
27.488699449613986
27.488699449613986
27.488699449613986
27.488699449613986
27.488699449613986
27.488699449613986
27.488699449613986
27.488699449613986
27.488699449613986
27.488699449613986
27.488699449613986
27.488699449613986
27.488699449613986
27.488699449613986
27.488699449613986
27.488699449613986
27.488699449613986
27.488699449613986
27.496534808534353
27.488699449613986
27.47624742908053
27.47624742908053
27.47624742908053
27.47624742908053
27.47384130656985
27.47384130656985
27.47384130656985
27.47600389029776
27.47384130656985
27.473572275519004
27.47381356476995
27.473229602723016
27.473229602723016
27.473229602723016
27.473229602723016
27.472819282893873
27.472819282893873
27.472819282893873
27.472819282893873
27.472819282893873
27.472819282893873
27.472819282893873
27.472819282893873
27.472819282893873
27.472819282893873
27.472819282893873
27.472819282893873
27.472819282893873
27.472819282893873
27.472819282893873
27.472819282893873
27.472819282893873
27.472819282893873
27.472819282893873
27.472819282893873
27.472819282893873
27.472819282893873
27.472819282893873
27.472819282893873
27.472819282893873
27.472819282893873
27.472819282893873
27.472819282893873
27.472819282893873
27.472819282893873
27.472819282893873
27.472819282893873
27.472819282893873
27.472819282893873
27.472819282893873
27.472819282893873
27.472819282893873
27.472819282893873
27.472819282893873
27.472819282893873
27.472819282893873
27.472819282893873
27.472819282893873
27.472819282893873
27.472819282893873
27.472819282893873
27.472819282893873
27.472819282893873
27.472819282893873
27.472819282893873
27.472819282893873
27.472819282893873
27.472819282893873
27.472819282893873
27.472819282893873
27.472819282893873
27.472819282893873
27.472819282893873
27.472819282893873
27.472819282893873
27.472819282893873
27.472819282893873
27.472819282893873
27.472819282893873
27.472819282893873
27.472819282893873
27.472819282893873
27.472819282893873
27.472819282893873
27.472819282893873
27.472819282893873
27.472819282893873
27.472819282893873
27.472819282893873
27.472819282893873
27.472819282893873
27.472819282893873
27.472819282893873
27.472819282893873
27.472819282893873
27.472819282893873
27.472819282893873
27.472819282893873
27.472612433419744
27.472612433419744
27.472612433419744
27.472612433419744
27.472612433419744
27.472612433419744
27.472612433419744
27.472612433419744
27.472612433419744
27.472612433419744
27.472612433419744
27.472612433419744
27.472612433419744
27.472612433419744
27.472612433419744
27.472612433419744
27.472612433419744
27.472612433419744
27.472612433419744
27.472612433419744
27.472612433419744
27.472612433419744
27.472612433419744
27.472612433419744
27.472612433419744
27.472612433419744
27.472612433419744
27.472612433419744
27.472612433419744
27.472612433419744
27.472612433419744
27.472612433419744
27.472612433419744
27.47269936583175
27.47269936583175
27.47269936583175
27.472612433419744
27.47203523584127
27.47203523584127
27.466238337496815
27.466238337496815
27.466238337496815
27.466238337496815
27.466238337496815
27.466238337496815
27.466238337496815
27.466238337496815
27.466238337496815
27.466238337496815
27.466238337496815
27.466238337496815
27.466238337496815
27.466238337496815
27.466238337496815
27.466238337496815
27.466238337496815
27.466238337496815
27.466238337496815
27.466238337496815
27.466238337496815
27.466238337496815
27.466238337496815
27.466238337496815
27.466238337496815
27.466238337496815
27.466238337496815
27.466238337496815
27.466238337496815
27.466238337496815
27.469919481548374
27.46988132841913
27.464907496597174
27.464907496597174
27.464907496597174
27.464907496597174
27.469842317470068
27.466238337496815
27.466238337496815
27.466238337496815
27.466238337496815
27.466238337496815
27.466238337496815
27.460828491799557
27.460828491799557
27.46367463724597
27.46367463724597
27.462869022107483
27.462869022107483
27.462869022107483
27.462869022107483
27.462869022107483
27.462869022107483
27.461857930463296
27.461857930463296
27.460902108520195
27.460902108520195
27.460902108520195
27.460902108520195
27.460902108520195
27.460902108520195
27.460902108520195
27.460902108520195
27.460902108520195
27.460902108520195
27.460902108520195
27.460828491799557
27.46073364586206
27.46073364586206
27.46073364586206
27.46073364586206
27.46073364586206
27.46073364586206
27.46073364586206
27.46073364586206
27.46073364586206
27.46073364586206
27.46073364586206
27.460738284944274
27.460738284944274
27.46024446388186
27.46024446388186
27.46024446388186
27.46024446388186
27.46024446388186
27.46024446388186
27.46024446388186
27.46024446388186
27.46024446388186
27.46024446388186
27.46024446388186
27.46024446388186
27.46024446388186
27.46024446388186
27.46024446388186
27.46024446388186
27.46024446388186
27.46024446388186
27.46024446388186
27.46018203595802
27.46018203595802
27.46018203595802
27.46018203595802
27.46018203595802
27.46018203595802
27.46018203595802
27.46018203595802
27.460157518752688
27.460157518752688
27.460157518752688
27.460157518752688
27.460165368208862
27.460157518752688
27.460430386238773
27.460151313642534
27.460151313642534
27.460151313642534
27.4599000208161
27.4599000208161
27.4599000208161
27.4599000208161
27.4599946816673
27.4599946816673
27.4599946816673
27.4599946816673
27.4599946816673
27.45989013551461
27.45989013551461
27.45989013551461
27.45989013551461
27.45989013551461
27.45989013551461
27.45989013551461
27.45989013551461
27.45989013551461
27.45989013551461
27.45989013551461
27.45989013551461
27.45989013551461
27.45989013551461
27.45989013551461
27.45989013551461
27.45989013551461
27.45989013551461
27.45989013551461
27.45989013551461
27.45989013551461
27.45989013551461
27.45989013551461
27.45989013551461
27.45989013551461
27.45989013551461
27.45989013551461
27.45989013551461
27.45989013551461
27.45989013551461
27.45989013551461
27.45989013551461
27.45989013551461
27.45989013551461
27.45989013551461
27.45989013551461
27.45989013551461
27.469828055174116
27.434011113677254
27.434011113677254
27.434011113677254
27.434011113677254
27.456078377018745
27.456078377018745
27.456078377018745
27.456078377018745
27.456078377018745
27.456078377018745
27.456078377018745
27.456078377018745
27.458270056117087
27.458270056117087
27.458270056117087
27.456507173413236
27.456507173413236
27.456507173413236
27.456507173413236
27.456507173413236
27.456507173413236
27.456507173413236
27.456507173413236
27.456507173413236
27.456507173413236
27.454315884237797
27.444711718791645
27.444711718791645
27.444711718791645
27.444711718791645
27.444711718791645
27.444711718791645
27.443947186944158
27.443947186944158
27.443947186944158
27.443947186944158
27.443947186944158
27.443947186944158
27.443614675228094
27.443614675228094
27.443614675228094
27.443614675228094
27.443614675228094
27.443614675228094
27.443614675228094
27.443614675228094
27.443614675228094
27.443614675228094
27.443614675228094
27.443614675228094
27.443614675228094
27.443614675228094
27.443614675228094
27.443614675228094
27.443614675228094
27.443614675228094
27.443614675228094
27.443614675228094
27.44353861218177
27.44353861218177
27.44353861218177
27.442258327571103
27.436183123854658
27.436183123854658
27.436183123854658
27.436183123854658
27.436183123854658
27.436183123854658
27.436183123854658
27.436183123854658
27.43599776316723
27.43599776316723
27.43552706099161
27.435479299492492
27.434424700400843
27.434424700400843
27.434424700400843
27.434424700400843
27.434424700400843
27.434424700400843
27.434424700400843
27.434424700400843
27.434424700400843
27.434424700400843
27.434424700400843
27.434424700400843
27.434775538244477
27.434775538244477
27.434538096539395
27.434538096539395
27.434450353035963
27.434450353035963
27.43443382396176
27.43443382396176
27.43443382396176
27.43443382396176
27.43443382396176
27.43443382396176
27.434424700400843
27.434061972787177
27.434061972787177
27.434061972787177
27.434061972787177
27.43420901759288
27.43420901759288
27.43420901759288
27.43420901759288
27.43420901759288
27.43420901759288
27.43420901759288
27.434061972787177
27.434061972787177
27.434051554905786
27.434051554905786
27.434051554905786
27.43388573683288
27.43388573683288
27.43388573683288
27.43388573683288
27.43405052077704
27.43405052077704
27.43403470196984
27.43403470196984
27.43403470196984
27.434030646493174
27.434030646493174
27.434030646493174
27.434030646493174
27.433858268103997
27.433858268103997
27.433858268103997
27.433858268103997
27.433858268103997
27.433858268103997
27.433858268103997
27.433858268103997
27.433858268103997
27.433858268103997
27.433858268103997
27.433858268103997
27.433858268103997
27.433858268103997
27.433858268103997
27.433858268103997
27.433858268103997
27.433858268103997
27.433858268103997
27.433858268103997
27.433858268103997
27.433858268103997
27.433858268103997
27.433858268103997
27.433858268103997
27.433858268103997
27.433858268103997
27.433858268103997
27.433858268103997
27.433858268103997
27.433858268103997
27.433858268103997
27.433858268103997
27.433858268103997
27.433858268103997
27.433858268103997
27.433858268103997
27.433858268103997
27.433858268103997
27.433858268103997
27.433858268103997
27.433858268103997
27.433858268103997
27.433858268103997
27.433858268103997
27.433858268103997
27.433858268103997
27.433858268103997
27.433858268103997
27.433858268103997
27.434011113677254
27.434011113677254
27.434011113677254
27.433953313999858
27.433953313999858
27.4335897990232
27.4335897990232
27.4335897990232
27.4335897990232
27.4335897990232
27.4335897990232
27.4335897990232
27.4335897990232
27.4335897990232
27.4335897990232
27.43366550134914
27.43366550134914
27.43366550134914
27.43366550134914
27.43366550134914
27.43366550134914
27.43366550134914
27.43366550134914
27.43366550134914
27.43366550134914
27.43366550134914
27.43366550134914
27.43366550134914
27.43366550134914
27.4335897990232
27.4335897990232
27.4335897990232
27.4335897990232
27.4335897990232
27.4335897990232
27.4335897990232
27.4335897990232
27.4335897990232
27.4335897990232
27.4335897990232
27.4335897990232
27.433567532333914
27.433567532333914
27.433567532333914
27.433567532333914
27.433567532333914
27.429316234279334
27.429316234279334
27.429316234279334
27.429316234279334
27.429316234279334
27.429316234279334
27.429316234279334
27.429316234279334
27.4285273507949
27.4285273507949
27.4285273507949
27.4285273507949
27.4285273507949
27.4285273507949
27.4285273507949
27.4285273507949
27.4285273507949
27.4285273507949
27.4285273507949
27.4285273507949
27.4285273507949
27.4285273507949
27.4285273507949
27.4285273507949
27.4285273507949
27.428828010427953
27.428828010427953
27.428828010427953
27.428371359986293
27.428371359986293
27.428363147786854
27.428363147786854
27.428363147786854
27.428355572079976
27.428355572079976
27.428355572079976
27.428355572079976
27.428355572079976
27.428355572079976
27.428317136691632
27.428317136691632
27.428108797780546
27.428108797780546
27.420463921801154
27.420463921801154
27.420463921801154
27.420463921801154
27.420463921801154
27.420463921801154
27.420463921801154
27.420463921801154
27.420463921801154
27.420463921801154
27.420463921801154
27.420463921801154
27.420463921801154
27.420463921801154
27.420463921801154
27.420463921801154
27.420463921801154
27.420463921801154
27.420463921801154
27.420463921801154
27.420463921801154
27.420463921801154
27.420463921801154
27.420463921801154
27.420463921801154
27.420463921801154
27.420463921801154
27.420463921801154
27.420463921801154
27.420463921801154
27.420463921801154
27.420463921801154
27.420463921801154
27.420463921801154
27.420463921801154
27.420463921801154
27.420463921801154
27.420463921801154
27.420463921801154
27.42923896997141
27.427824340514604
27.427824340514604
27.427824340514604
27.427824340514604
27.421404182782247
27.421404182782247
27.421404182782247
27.421404182782247
27.421404182782247
27.421404182782247
27.421404182782247
27.421404182782247
27.421404182782247
27.421404182782247
27.421404182782247
27.421404182782247
27.421404182782247
27.421404182782247
27.421404182782247
27.421404182782247
27.421404182782247
27.421404182782247
27.421404182782247
27.421404182782247
27.421404182782247
27.421404182782247
27.421404182782247
27.421404182782247
27.421404182782247
27.421404182782247
27.421404182782247
27.421404182782247
27.421404182782247
27.421404182782247
27.421404182782247
27.421404182782247
27.421404182782247
27.421404182782247
27.421404182782247
27.421404182782247
27.421404182782247
27.421404182782247
27.421404182782247
27.421404182782247
27.421404182782247
27.421404182782247
27.421404182782247
27.421404182782247
27.421404182782247
27.421404182782247
27.421404182782247
27.421404182782247
27.421404182782247
27.421404182782247
27.421404182782247
27.421404182782247
27.421404182782247
27.421404182782247
27.421404182782247
27.421404182782247
27.421404182782247
27.421404182782247
27.421404182782247
27.421404182782247
27.42549559288056
27.42549559288056
27.42549559288056
27.42549559288056
27.423395761332383
27.423395761332383
27.423395761332383
27.423395761332383
27.423395761332383
27.423395761332383
27.4230646100249
27.4230646100249
27.4230646100249
27.423064299320878
27.423064299320878
27.423064299320878
27.423064299320878
27.423064299320878
27.423064299320878
27.422949911608274
27.422949911608274
27.422949911608274
27.422949911608274
27.422949911608274
27.422949911608274
27.422949911608274
27.422949911608274
27.422949911608274
27.422949911608274
27.422949911608274
27.422949911608274
27.422949911608274
27.422949911608274
27.423395761332383
27.423395761332383
27.422549590860477
27.422549590860477
27.422549590860477
27.422549590860477
27.422549590860477
27.422549590860477
27.422549590860477
27.422549590860477
27.422549590860477
27.422549590860477
27.422549590860477
27.422549590860477
27.421404182782247
27.421404182782247
27.421404182782247
27.421404182782247
27.421404182782247
27.421404182782247
27.421404182782247
27.421404182782247
27.421404182782247
27.421404182782247
27.421404182782247
27.421404182782247
27.421404182782247
27.421404182782247
27.421404182782247
27.421404182782247
27.421404182782247
27.421404182782247
27.421404182782247
27.421404182782247
27.421404182782247
27.421404182782247
27.421404182782247
27.421404182782247
27.421404182782247
27.421404182782247
27.421404182782247
27.421404182782247
27.421404182782247
27.421404182782247
27.421404182782247
27.421404182782247
27.421404182782247
27.421404182782247
27.421404182782247
27.421404182782247
27.421404182782247
27.421404182782247
27.421404182782247
27.421404182782247
27.421404182782247
27.421404182782247
27.421404182782247
27.421404182782247
27.421404182782247
27.421404182782247
27.421404182782247
27.421404182782247
27.421404182782247
27.422360968860445
27.422360968860445
27.422360968860445
27.422360968860445
27.420950698378416
27.420950698378416
27.420950698378416
27.420950698378416
27.420950698378416
27.420950698378416
27.420950698378416
27.420950698378416
27.420950698378416
27.420950698378416
27.420950698378416
27.420950698378416
27.420950698378416
27.421434640233397
27.421434640233397
27.421434640233397
27.421434640233397
27.421434640233397
27.421434640233397
27.421434640233397
27.421434640233397
27.421434640233397
27.421434640233397
27.421434640233397
27.421434640233397
27.421434640233397
27.421434640233397
27.421434640233397
27.421434640233397
27.421434640233397
27.421434640233397
27.41485439399432
27.41485439399432
27.41485439399432
27.41485439399432
27.41485439399432
27.41485439399432
27.41485439399432
27.41485439399432
27.41485439399432
27.41485439399432
27.41485439399432
27.41485439399432
27.41485439399432
27.41485439399432
27.41485439399432
27.41485439399432
27.41485439399432
27.41485439399432
27.41485439399432
27.420463921801154
27.420463921801154
27.41809534146557
27.41809534146557
27.417231667003918
27.417231667003918
27.41809534146557
27.41809534146557
27.41809534146557
27.41591994553131
27.41526986346608
27.415155775132455
27.415155775132455
27.415155775132455
27.415155775132455
27.415155775132455
27.415155775132455
27.415155775132455
27.415155775132455
27.414943444642926
27.414943444642926
27.414943444642926
27.414943444642926
27.414943444642926
27.414943444642926
27.414943444642926
27.414943444642926
27.414943444642926
27.414943444642926
27.414943444642926
27.414943444642926
27.414943444642926
27.414943444642926
27.414943444642926
27.414943444642926
27.414943444642926
27.414943444642926
27.414943444642926
27.414943444642926
27.414943444642926
27.414943444642926
27.414943444642926
27.414943444642926
27.414943444642926
27.414943444642926
27.414943444642926
27.414943444642926
27.414943444642926
27.414943444642926
27.414943444642926
27.414943444642926
27.414943444642926
27.414943444642926
27.414943444642926
27.414943444642926
27.414943444642926
27.414943444642926
27.414943444642926
27.414943444642926
27.414943444642926
27.414943444642926
27.414943444642926
27.414943444642926
27.414943444642926
27.414943444642926
27.414943444642926
27.414943444642926
27.414943444642926
27.414943444642926
27.414943444642926
27.414943444642926
27.414943444642926
27.414943444642926
27.414943444642926
27.414943444642926
27.414943444642926
27.414943444642926
27.414943444642926
27.414943444642926
27.414943444642926
27.414943444642926
27.414943444642926
27.414943444642926
27.414943444642926
27.414943444642926
27.414943444642926
27.414943444642926
27.414943444642926
27.414943444642926
27.414943444642926
27.414943444642926
27.414943444642926
27.414943444642926
27.414943444642926
27.414943444642926
27.414943444642926
27.414943444642926
27.414943444642926
27.414943444642926
27.414943444642926
27.414943444642926
27.414943444642926
27.414943444642926
27.414943444642926
27.414943444642926
27.414943048859083
27.414935973776775
27.414935973776775
27.414935973776775
27.414935501720276
27.414935501720276
27.414931899975418
27.414931899975418
27.414931899975418
27.414931899975418
27.414931874406932
27.414931874406932
27.414931874406932
27.414931874406932
27.414931874406932
27.41493186399947
27.41493186399947
27.414931844183933
27.414931844183933
27.41493183695766
27.41493183695766
27.41493183695766
27.41493183695766
27.41493183695766
27.414931834908607
27.414931834908607
27.414931834060354
27.414931834060354
27.41493183376156
27.41493183376156
27.41493183376156
27.41493183376156
27.41493183376156
27.41493183376156
27.41493183376156
27.41493183376156
27.41493183376156
27.41493183376156
27.41493183376156
27.41493183376156
27.41493183376156
27.41493183376156
27.41493183376156
27.41493183376156
27.41493183376156
27.415380202656415
27.41493183376156
27.41493183376156
27.41493183376156
27.41495675532933
27.414249460677183
27.414249460677183
27.414249460677183
27.41485439399432
27.414648182176247
27.41410456751894
27.41410456751894
27.41410456751894
27.41410456751894
27.41410456751894
27.41410456751894
27.41410456751894
27.41410456751894
27.41410456751894
27.413727570719868
27.421872626420654
27.41415515680197
27.41415515680197
27.41485439399432
27.41415515680197
27.41415515680197
27.41415515680197
27.41415515680197
27.41415515680197
27.41415515680197
27.41415515680197
27.41415515680197
27.41316974163252
27.41316974163252
27.41316974163252
27.41316974163252
27.41316974163252
27.41316974163252
27.41316974163252
27.41316974163252
27.41316974163252
27.41316974163252
27.41316974163252
27.41316974163252
27.41316974163252
27.41316974163252
27.41316974163252
27.41316974163252
27.41316974163252
27.41316974163252
27.41316974163252
27.41316974163252
27.41316974163252
27.41316974163252
27.41316974163252
27.41316974163252
27.41316974163252
27.41316974163252
27.41316974163252
27.41316974163252
27.41316974163252
27.41316974163252
27.41316974163252
27.41316974163252
27.413077586873182
27.413077586873182
27.413077586873182
27.413077586873182
27.413077586873182
27.413077586873182
27.412975643478173
27.412975643478173
27.412975643478173
27.412975643478173
27.412975643478173
27.412975643478173
27.412975643478173
27.412975643478173
27.412975643478173
27.412975643478173
27.412975643478173
27.412975643478173
27.412975643478173
27.412975643478173
27.412975643478173
27.412975643478173
27.412975643478173
27.412975643478173
27.412975643478173
27.412975643478173
27.412975643478173
27.412975643478173
27.412975643478173
27.412954645015095
27.412954645015095
27.412954645015095
27.412954645015095
27.412954645015095
27.412949415224936
27.412949415224936
27.412949415224936
27.412949415224936
27.412927891264086
27.400304933325213
27.400304933325213
27.400304933325213
27.400304933325213
27.400304933325213
27.400304933325213
27.400304933325213
27.400304933325213
27.41172981052445
27.41172981052445
27.409172626655035
27.409172626655035
27.406828128114057
27.406828128114057
27.406828128114057
27.406828128114057
27.406828128114057
27.406828128114057
27.406828128114057
27.406828128114057
27.406828128114057
27.406828128114057
27.406828128114057
27.406828128114057
27.406828128114057
27.406828128114057
27.406828128114057
27.406828128114057
27.406828128114057
27.406828128114057
27.406828128114057
27.406828128114057
27.406828128114057
27.406828128114057
27.406828128114057
27.406828128114057
27.406828128114057
27.406828128114057
27.406828128114057
27.406828128114057
27.406828128114057
27.406828128114057
27.406828128114057
27.406828128114057
27.406828128114057
27.406828128114057
27.406828128114057
27.406828128114057
27.406828128114057
27.406828128114057
27.406828128114057
27.406828128114057
27.406828128114057
27.406828128114057
27.406828128114057
27.406828128114057
27.406828128114057
27.406828128114057
27.406828128114057
27.406828128114057
27.406828128114057
27.406828128114057
27.406828128114057
27.406828128114057
27.406828128114057
27.406828128114057
27.406828128114057
27.406828128114057
27.406828128114057
27.406828128114057
27.406828128114057
27.406828128114057
27.406828128114057
27.406828128114057
27.406828128114057
27.406828128114057
27.406828128114057
27.406828128114057
27.406828128114057
27.406828128114057
27.406828128114057
27.406828128114057
27.406828128114057
27.406828128114057
27.406828128114057
27.406828128114057
27.406828128114057
27.406828128114057
27.406828128114057
27.406828128114057
27.406828128114057
27.40850009818002
27.40850009818002
27.409931595988848
27.40062516214799
27.40062516214799
27.40062516214799
27.40062516214799
27.40062516214799
27.40062516214799
27.40062516214799
27.40062516214799
27.40062516214799
27.40062516214799
27.40062516214799
27.40062516214799
27.40062516214799
27.407010423735027
27.407010423735027
27.407010423735027
27.407010423735027
27.407010423735027
27.407010423735027
27.407010423735027
27.407010423735027
27.407010423735027
27.407010423735027
27.407010423735027
27.407010423735027
27.407010423735027
27.407010423735027
27.407010423735027
27.407010423735027
27.407010423735027
27.407083653843326
27.407083653843326
27.407083653843326
27.407083653843326
27.407083653843326
27.407083653843326
27.407083653843326
27.407083653843326
27.407083653843326
27.407083653843326
27.407083653843326
27.407083653843326
27.407083653843326
27.407083653843326
27.407083653843326
27.407083653843326
27.407083653843326
27.406648688303854
27.406648688303854
27.406648688303854
27.406648688303854
27.406648688303854
27.406648688303854
27.406648688303854
27.406648688303854
27.406648688303854
27.406648688303854
27.406648688303854
27.406648688303854
27.406648688303854
27.406648688303854
27.406648688303854
27.406648688303854
27.40663020709779
27.40663020709779
27.40663020709779
27.406828128114057
27.406828128114057
27.406828128114057
27.406828128114057
27.406828128114057
27.406828128114057
27.4066264780951
27.4066264780951
27.4066264780951
27.4066264780951
27.4066264780951
27.4066264780951
27.4066264780951
27.4066264780951
27.4066264780951
27.4066264780951
27.4066264780951
27.4066264780951
27.4066264780951
27.4066264780951
27.4066264780951
27.4066264780951
27.4066264780951
27.406541761356127
27.406541761356127
27.406541761356127
27.406541761356127
27.406541761356127
27.406541761356127
27.406541761356127
27.406541761356127
27.406541761356127
27.406541761356127
27.406541761356127
27.406541761356127
27.406541761356127
27.406541761356127
27.406541761356127
27.406541761356127
27.406541761356127
27.406541761356127
27.406541761356127
27.406541761356127
27.406541761356127
27.406541761356127
27.406541761356127
27.406541761356127
27.406541761356127
27.406541761356127
27.406541761356127
27.406541761356127
27.406534209960594
27.406534209960594
27.406417798773568
27.406243806621337
27.406299922957416
27.406250659065087
27.406250659065087
27.406250659065087
27.406250659065087
27.406250659065087
27.4003407159534
27.4003407159534
27.4003407159534
27.4003407159534
27.4003407159534
27.4003407159534
27.4003407159534
27.4003407159534
27.4003407159534
27.4003407159534
27.4003407159534
27.406225014461416
27.400729883506653
27.40555336527219
27.404202595511613
27.400729883506653
27.400875614038128
27.400875614038128
27.400875614038128
27.400875614038128
27.400875614038128
27.400875614038128
27.400875614038128
27.400875614038128
27.400875614038128
27.400875614038128
27.400875614038128
27.400875614038128
27.400875614038128
27.400875614038128
27.40102241265189
27.400729883506653
27.400729883506653
27.400729883506653
27.400729883506653
27.400729883506653
27.400044952772607
27.400044952772607
27.400044952772607
27.400044952772607
27.400044952772607
27.400044952772607
27.400044952772607
27.400044952772607
27.400044952772607
27.400044952772607
27.400044952772607
27.400044952772607
27.400044952772607
27.400044952772607
27.400044952772607
27.400044952772607
27.400044952772607
27.400044952772607
27.400044952772607
27.400044952772607
27.400044952772607
27.400044952772607
27.400044952772607
27.400044952772607
27.400044952772607
27.400044952772607
27.400407954694813
27.40039691430583
27.40039691430583
27.40039691430583
27.400384881480672
27.400384881480672
27.400384881480672
27.400384881480672
27.400384881480672
27.400384881480672
27.400384881480672
27.400384881480672
27.400384881480672
27.400384881480672
27.400384881480672
27.400384881480672
27.400384881480672
27.400384881480672
27.400384881480672
27.400384881480672
27.400384881480672
27.400476511180266
27.40038317526711
27.40038317526711
27.40038317526711
27.4003407159534
27.4003407159534
27.4003407159534
27.4003407159534
27.4003407159534
27.4003407159534
27.4003407159534
27.4003407159534
27.4003407159534
27.4003407159534
27.4003407159534
27.4003407159534
27.4003407159534
27.382729248994796
27.382729248994796
27.382729248994796
27.382729248994796
27.382729248994796
27.382729248994796
27.382729248994796
27.382729248994796
27.404582291245266
27.400376691023506
27.39841498401914
27.39841498401914
27.39841498401914
27.39841498401914
27.39841498401914
27.39841498401914
27.39841498401914
27.39841498401914
27.39841498401914
27.39841498401914
27.39841498401914
27.39841498401914
27.39841498401914
27.39841498401914
27.39841498401914
27.39841498401914
27.39841498401914
27.39841498401914
27.39841498401914
27.39841498401914
27.39841498401914
27.39841498401914
27.39841498401914
27.39841498401914
27.39841498401914
27.39841498401914
27.39841498401914
27.39841498401914
27.39841498401914
27.39841498401914
27.39841498401914
27.39841498401914
27.39841498401914
27.39841498401914
27.39841498401914
27.39841498401914
27.39841498401914
27.39841498401914
27.39841498401914
27.39841498401914
27.399503755640094
27.399503755640094
27.39876395845083
27.39876395845083
27.398415604041514
27.398415604041514
27.39795938362171
27.39795938362171
27.39795938362171
27.39795938362171
27.39717255992207
27.39717255992207
27.39717255992207
27.39717255992207
27.39717255992207
27.39717255992207
27.39717255992207
27.39717255992207
27.39717255992207
27.39717255992207
27.39717255992207
27.39717255992207
27.39841498401914
27.39841498401914
27.39841498401914
27.3972588264854
27.3972588264854
27.3972588264854
27.3972588264854
27.3972588264854
27.3972588264854
27.3972588264854
27.3972588264854
27.3972588264854
27.3972588264854
27.397166151518707
27.397166151518707
27.397166151518707
27.397166151518707
27.397166151518707
27.397166151518707
27.397166151518707
27.397166151518707
27.397166151518707
27.397166151518707
27.397166151518707
27.397166151518707
27.397166151518707
27.397166151518707
27.397166151518707
27.397166151518707
27.397166151518707
27.397166151518707
27.397166151518707
27.397166151518707
27.397166151518707
27.397166151518707
27.397166151518707
27.397166151518707
27.397166151518707
27.397166151518707
27.397166151518707
27.397166151518707
27.397166151518707
27.397166151518707
27.397166151518707
27.397166151518707
27.397166151518707
27.397166151518707
27.397166151518707
27.397166151518707
27.397166151518707
27.397166151518707
27.397166151518707
27.397166151518707
27.397166151518707
27.397166151518707
27.397166151518707
27.397166151518707
27.39717255992207
27.39717255992207
27.39717255992207
27.39717255992207
27.39717255992207
27.39717255992207
27.39717255992207
27.39717255992207
27.39717255992207
27.39717255992207
27.39717255992207
27.39717255992207
27.39717255992207
27.39717255992207
27.39717255992207
27.39717255992207
27.39717255992207
27.39717255992207
27.39717255992207
27.39717255992207
27.39717255992207
27.39717255992207
27.39717255992207
27.39717255992207
27.39717255992207
27.39717255992207
27.39717255992207
27.39717255992207
27.39717255992207
27.39717255992207
27.39717255992207
27.39717255992207
27.39717255992207
27.39717255992207
27.39717255992207
27.39717255992207
27.39717255992207
27.39717255992207
27.39717255992207
27.39717255992207
27.39717255992207
27.397166151518707
27.397166151518707
27.397166151518707
27.397166151518707
27.397166151518707
27.397166151518707
27.397166151518707
27.397166151518707
27.397166151518707
27.397166151518707
27.397166151518707
27.397166151518707
27.397166151518707
27.397166151518707
27.397166151518707
27.397166151518707
27.397166151518707
27.397166151518707
27.397166151518707
27.397166151518707
27.397166151518707
27.397166151518707
27.399833998174294
27.39491489123983
27.39491489123983
27.39702751953212
27.39702751953212
27.39702751953212
27.39702751953212
27.39702751953212
27.39702751953212
27.39702751953212
27.39702751953212
27.39702751953212
27.39702751953212
27.39702751953212
27.39702751953212
27.396882158997013
27.396882158997013
27.396882158997013
27.396882158997013
27.396882158997013
27.396882158997013
27.396882158997013
27.396882158997013
27.396882158997013
27.396882158997013
27.396882158997013
27.396882158997013
27.396882158997013
27.396882158997013
27.396882158997013
27.396882158997013
27.396882158997013
27.396882158997013
27.396882158997013
27.396882158997013
27.396882158997013
27.396882158997013
27.396882158997013
27.396882158997013
27.396882158997013
27.396882158997013
27.396882158997013
27.396882158997013
27.396882158997013
27.396882158997013
27.396882158997013
27.396882158997013
27.396882158997013
27.396882158997013
27.396882158997013
27.396882158997013
27.396882158997013
27.396882158997013
27.396882158997013
27.396882158997013
27.39688208278684
27.39688208278684
27.39688208278684
27.39688208278684
27.39688208278684
27.39690113877439
27.39638408022815
27.394918501664943
27.394918501664943
27.394918501664943
27.394918501664943
27.394883151764983
27.394883151764983
27.394883151764983
27.394883151764983
27.39487389313887
27.39487389313887
27.39487389313887
27.39487389313887
27.39487389313887
27.39487389313887
27.39487389313887
27.39487389313887
27.39487389313887
27.394723666696624
27.394723666696624
27.394723666696624
27.394723666696624
27.39473936343154
27.394723666696624
27.394723666696624
27.394723666696624
27.394723666696624
27.394723666696624
27.394723666696624
27.394723666696624
27.394723666696624
27.394708330046807
27.394708330046807
27.394708330046807
27.394708330046807
27.394708330046807
27.394708330046807
27.394708330046807
27.394708330046807
27.394702012049716
27.394702012049716
27.394702012049716
27.394702012049716
27.394702012049716
27.394702012049716
27.394702012049716
27.394702012049716
27.394702012049716
27.394702012049716
27.394702012049716
27.394668483053888
27.394668483053888
27.394668483053888
27.394668483053888
27.394668483053888
27.394668483053888
27.394668483053888
27.394668483053888
27.394668483053888
27.394668483053888
27.394668483053888
27.394668483053888
27.394668483053888
27.394668483053888
27.394668483053888
27.394668483053888
27.394668483053888
27.394666680444573
27.394666680444573
27.394666680444573
27.394666680444573
27.394666680444573
27.394666680444573
27.394666680444573
27.394666680444573
27.394666680444573
27.394666680444573
27.394663274306794
27.394663274306794
27.394663274306794
27.394663274306794
27.394663274306794
27.394663274306794
27.39466319388775
27.39466319388775
27.39466319388775
27.39466319388775
27.39466319388775
27.39466319388775
27.39466319388775
27.39466319388775
27.39466319388775
27.394001682891975
27.394001682891975
27.394001682891975
27.394001682891975
27.394001682891975
27.394001682891975
27.394001682891975
27.394001682891975
27.394001682891975
27.394001682891975
27.394001682891975
27.39422280726803
27.394220737042502
27.394220737042502
27.392706691251192
27.392706691251192
27.392706691251192
27.392706691251192
27.392706691251192
27.392706691251192
27.392706691251192
27.392706691251192
27.392706691251192
27.392706691251192
27.392706691251192
27.392706691251192
27.392346385625643
27.392346385625643
27.392346385625643
27.392346385625643
27.392346385625643
27.392346385625643
27.392346385625643
27.392346385625643
27.392346385625643
27.392346385625643
27.392346385625643
27.392346385625643
27.392346385625643
27.392346385625643
27.392346385625643
27.392239968859364
27.392239968859364
27.392239968859364
27.392239968859364
27.392239968859364
27.392239968859364
27.392239968859364
27.392239968859364
27.392239968859364
27.392239968859364
27.392239968859364
27.392239968859364
27.392239968859364
27.392239968859364
27.392239968859364
27.392239968859364
27.392239968859364
27.392239968859364
27.392239968859364
27.392239968859364
27.392239968859364
27.392239968859364
27.392239968859364
27.392239968859364
27.392239968859364
27.392239968859364
27.392239968859364
27.392239968859364
27.392239968859364
27.392239968859364
27.392239968859364
27.392239968859364
27.392239968859364
27.3922248988255
27.3922248988255
27.3922248988255
27.3922248988255
27.3922248988255
27.3922248988255
27.3922248988255
27.3922248988255
27.3922248988255
27.3922248988255
27.3922248988255
27.3922248988255
27.3922248988255
27.3922248988255
27.3922248988255
27.3922248988255
27.3922248988255
27.3922248988255
27.3922248988255
27.3922248988255
27.3922248988255
27.3922248988255
27.3922248988255
27.3922248988255
27.3922248988255
27.3922248988255
27.3922248988255
27.3922248988255
27.3922248988255
27.3922248988255
27.3922248988255
27.3922248988255
27.390709032863644
27.390709032863644
27.390709032863644
27.390709032863644
27.390709032863644
27.390709032863644
27.390709032863644
27.390709032863644
27.390709032863644
27.390709032863644
27.390709032863644
27.390709032863644
27.390709032863644
27.390709032863644
27.390709032863644
27.39449924241424
27.392300618244185
27.392300618244185
27.391226097274288
27.391226097274288
27.391226097274288
27.391226097274288
27.391226097274288
27.391226097274288
27.391226097274288
27.391226097274288
27.391226097274288
27.391226097274288
27.391226097274288
27.391226097274288
27.391226097274288
27.391226097274288
27.391226097274288
27.391226097274288
27.391226097274288
27.391226097274288
27.391226097274288
27.391226097274288
27.391226097274288
27.391226097274288
27.391226097274288
27.391226097274288
27.391226097274288
27.391226097274288
27.391226097274288
27.391226097274288
27.391226097274288
27.391226097274288
27.391226097274288
27.391226097274288
27.391226097274288
27.387680760763097
27.387680760763097
27.387680760763097
27.387680760763097
27.387680760763097
27.387680760763097
27.387680760763097
27.387680760763097
27.387680760763097
27.387680760763097
27.387680760763097
27.387680760763097
27.387680760763097
27.387680760763097
27.387680760763097
27.387680760763097
27.387680760763097
27.387680760763097
27.387680760763097
27.387680760763097
27.387680760763097
27.387680760763097
27.387680760763097
27.387680760763097
27.387680760763097
27.387680760763097
27.387680760763097
27.387680760763097
27.387680760763097
27.387680760763097
27.387680760763097
27.387680760763097
27.387680760763097
27.390459823412186
27.390459823412186
27.390459823412186
27.390459823412186
27.390459823412186
27.390459823412186
27.390459823412186
27.390459823412186
27.390459823412186
27.390459823412186
27.390459823412186
27.390459823412186
27.390459823412186
27.390459823412186
27.390459823412186
27.390459823412186
27.390459823412186
27.390459823412186
27.390459823412186
27.390459823412186
27.390459823412186
27.390459823412186
27.390459823412186
27.390459823412186
27.390459823412186
27.390459823412186
27.390459823412186
27.390459823412186
27.390459823412186
27.390459823412186
27.390459823412186
27.390459823412186
27.390459823412186
27.390459823412186
27.390459823412186
27.390459823412186
27.390459823412186
27.390615346438725
27.390615346438725
27.390615346438725
27.390615346438725
27.3904511441167
27.3904511441167
27.3904511441167
27.3904511441167
27.3904511441167
27.390456004520537
27.390448763873508
27.390448763873508
27.390448763873508
27.390448763873508
27.390448763873508
27.390448763873508
27.390448763873508
27.390448763873508
27.390448763873508
27.390448763873508
27.390448763873508
27.39043956715409
27.39054777590762
27.390075016066188
27.390075016066188
27.390062165659202
27.390062165659202
27.39010090581895
27.39010090581895
27.39010090581895
27.38994447070186
27.38994447070186
27.38990920479272
27.388511720433726
27.388511720433726
27.388065527340636
27.388065527340636
27.388065527340636
27.388065527340636
27.388065527340636
27.388065527340636
27.388065527340636
27.388065527340636
27.388065527340636
27.388065527340636
27.38793583642558
27.38793583642558
27.38793583642558
27.38793583642558
27.38793583642558
27.38793583642558
27.38792754645214
27.38792754645214
27.387927286094857
27.387927286094857
27.387927286094857
27.387927286094857
27.387927286094857
27.387927286094857
27.387927286094857
27.387927286094857
27.387927286094857
27.387927286094857
27.387927286094857
27.387927286094857
27.387927286094857
27.387927286094857
27.387927286094857
27.387927286094857
27.387927286094857
27.387927286094857
27.387927286094857
27.387927229981642
27.387927198969912
27.387926007004097
27.387926007004097
27.387926007004097
27.388055126264096
27.38792597712858
27.38792597712858
27.38777855385775
27.38777855385775
27.38777855385775
27.38777855385775
27.38777855385775
27.387773185167976
27.387773185167976
27.387773185167976
27.387773185167976
27.387773185167976
27.387773185167976
27.387773185167976
27.387763163261475
27.387763163261475
27.387763163261475
27.388129234030895
27.387925942009904
27.387720100079672
27.387720100079672
27.387733216382603
27.387733216382603
27.387648021461462
27.387648021461462
27.387648021461462
27.387648021461462
27.387648021461462
27.387648021461462
27.387648021461462
27.385967702398624
27.385967702398624
27.385967702398624
27.385967702398624
27.385967702398624
27.385967702398624
27.385967702398624
27.385967702398624
27.385967702398624
27.385967702398624
27.385967702398624
27.385967702398624
27.385967702398624
27.385967702398624
27.385967702398624
27.385967702398624
27.385967702398624
27.385967702398624
27.385967702398624
27.385967702398624
27.385967702398624
27.385967702398624
27.385967702398624
27.385967702398624
27.385967702398624
27.385967702398624
27.385967702398624
27.385967702398624
27.385967702398624
27.385967702398624
27.385967702398624
27.385967702398624
27.385967702398624
27.385967702398624
27.385967702398624
27.385967702398624
27.385967702398624
27.385967702398624
27.385967702398624
27.385967702398624
27.385967702398624
27.385967702398624
27.385967702398624
27.385967702398624
27.385967702398624
27.385967702398624
27.385967702398624
27.385967702398624
27.385967702398624
27.385967702398624
27.385967702398624
27.385967702398624
27.385967702398624
27.385967702398624
27.385967702398624
27.385967702398624
27.385967702398624
27.385967702398624
27.385967702398624
27.385967702398624
27.385967702398624
27.385967702398624
27.385967702398624
27.385967702398624
27.385967702398624
27.385967702398624
27.385967702398624
27.385967702398624
27.385967702398624
27.385967702398624
27.385967702398624
27.385967702398624
27.385967702398624
27.385967702398624
27.385967702398624
27.385967702398624
27.385967702398624
27.385967702398624
27.385967702398624
27.385967702398624
27.385967702398624
27.385967702398624
27.385967702398624
27.385967702398624
27.385967702398624
27.385967702398624
27.385967702398624
27.385967702398624
27.385967702398624
27.385967702398624
27.385967702398624
27.385967702398624
27.385967702398624
27.385967702398624
27.385967702398624
27.385967702398624
27.385967702398624
27.385967702398624
27.385967702398624
27.385967702398624
27.385967702398624
27.385967702398624
27.385967702398624
27.385967702398624
27.385967702398624
27.385967702398624
27.385967702398624
27.385967702398624
27.385967702398624
27.385967702398624
27.385967702398624
27.385967702398624
27.385967702398624
27.385967702398624
27.385967702398624
27.385967702398624
27.385967702398624
27.385967702398624
27.385967702398624
27.385967702398624
27.385967702398624
27.385967702398624
27.385967702398624
27.385967702398624
27.385967702398624
27.385967702398624
27.385967702398624
27.385967702398624
27.385967702398624
27.385967702398624
27.385967702398624
27.385967702398624
27.385967702398624
27.385967702398624
27.385967702398624
27.385967702398624
27.385967702398624
27.385967702398624
27.385967702398624
27.385967702398624
27.385967702398624
27.385967702398624
27.385967702398624
27.385967702398624
27.385967702398624
27.385967702398624
27.385967702398624
27.385967702398624
27.385967702398624
27.385967702398624
27.385967702398624
27.385967702398624
27.385967702398624
27.385967702398624
27.385967702398624
27.385967702398624
27.385967702398624
27.38669599951244
27.38604245729795
27.38604245729795
27.385602940409715
27.385602940409715
27.384994863855663
27.384994863855663
27.384994863855663
27.384994863855663
27.384994863855663
27.384994863855663
27.384994863855663
27.384994863855663
27.384994863855663
27.384994863855663
27.384994863855663
27.384994863855663
27.384994863855663
27.385124919860342
27.384496798248044
27.384496798248044
27.384496798248044
27.384496798248044
27.384496798248044
27.384496798248044
27.384992801772466
27.384992801772466
27.384992801772466
27.384992801772466
27.384992801772466
27.384992801772466
27.384992801772466
27.384992801772466
27.384992801772466
27.385048566135573
27.385048566135573
27.385048566135573
27.38484557169143
27.38484557169143
27.384835093403623
27.38463617811218
27.38463617811218
27.38463617811218
27.38463617811218
27.38463617811218
27.38463617811218
27.38463617811218
27.38463617811218
27.38463617811218
27.38463617811218
27.38463617811218
27.38463617811218
27.38463617811218
27.38463617811218
27.384558781323125
27.384558781323125
27.38455827057832
27.38455827057832
27.38455827057832
27.38455827057832
27.38455827057832
27.38455827057832
27.38455827057832
27.38860773616164
27.385766854942883
27.38403700524232
27.38403700524232
27.38383803553411
27.377388692395698
27.377388692395698
27.377388692395698
27.383970829164564
27.383970829164564
27.38314941734497
27.38314941734497
27.38314941734497
27.383172612378626
27.382744297846816
27.38228092056082
27.382051190735517
27.38195763343272
27.38195763343272
27.38195763343272
27.374369666457895
27.374369666457895
27.374369666457895
27.374369666457895
27.374369666457895
27.381940534900785
27.378075137105675
27.378075137105675
27.378075137105675
27.378075137105675
27.374678360655867
27.374678360655867
27.374678360655867
27.374678360655867
27.374678360655867
27.374678360655867
27.374678360655867
27.374678360655867
27.374678360655867
27.374678360655867
27.374678360655867
27.374678360655867
27.374678360655867
27.374678360655867
27.374678360655867
27.374678360655867
27.374678360655867
27.374678360655867
27.374678360655867
27.374678360655867
27.374678360655867
27.374678360655867
27.374630533139186
27.374630533139186
27.374630533139186
27.374630533139186
27.374628241991616
27.374628241991616
27.374628241991616
27.374628241991616
27.374628241991616
27.374628241991616
27.374628241991616
27.374628241991616
27.374628241991616
27.374628241991616
27.374628241991616
27.374628241991616
27.374628241991616
27.374628241991616
27.374628241991616
27.374628241991616
27.374628241991616
27.374628241991616
27.374628241991616
27.374628191389593
27.374628191389593
27.374628191389593
27.374628191389593
27.374628191389593
27.374628191389593
27.374628191389593
27.37580135055029
27.35895487284852
27.37580135055029
27.35895487284852
27.35895487284852
27.35895487284852
27.35895487284852
27.35895487284852
27.35895487284852
27.374369666457895
27.374362160775924
27.370820357965897
27.370820357965897
27.370820357965897
27.370820357965897
27.370820357965897
27.370820357965897
27.370820357965897
27.370820357965897
27.370820357965897
27.370820357965897
27.370820357965897
27.370820357965897
27.370820357965897
27.370820357965897
27.370820357965897
27.370820357965897
27.35895487284852
27.35895487284852
27.35895487284852
27.35895487284852
27.35895487284852
27.35895487284852
27.35895487284852
27.35874133090645
27.35874133090645
27.358471368259927
27.358471368259927
27.358471368259927
27.358471368259927
27.358471368259927
27.359562131013973
27.355823328378804
27.353307798605925
27.351599709757313
27.3504280246603
27.34961534881908
27.349045004430486
27.348639802189115
27.348348329380592
27.348136073247048
27.34797965912592
27.347863098271496
27.347775334851363
27.3477086347787
27.347657521594794
27.34761806907303
27.347587427405244
27.347563503101725
27.347544740642146
27.347529971945598
27.347518311402823
27.347509081794342
27.347501761356302
27.347495945485168
27.3474913186951
27.347487633843443
27.347484696573595
27.347482353549083
27.34748048347593
27.347478990199143
27.347477797358042
27.347476844224563
27.347476082447002
27.347475473491656
27.347474986626054
27.347474597324737
27.347474286006033
27.347474037029368
27.347473837898146
27.34747367862524
27.347473551227438
27.347473449322326
27.347473367806657
27.347473302599504
27.347473250437215
27.347473208709598
27.347473175328908
27.34747314862525
27.34747312726292
27.347473110173414
27.347473096502046
27.34747308556511
27.347473076815646
27.347473069816147
27.347473064216587
27.347473059736963
27.347473056153277
27.34747305328634
27.347473050992804
27.347473049157976
27.347473047690112
27.347473046515816
27.347473045576386
27.34747304482485
27.347473044223623
27.347473043742628
27.347473043357844
27.34747304305002
27.347473042803752
27.347473042606737
27.347473042449128
27.347473042323042
27.347473042222166
27.347473042141473
27.347473042076917
27.347473042025268
27.347473041950906
27.333450606945252
27.333450606945252
27.329387056338494
27.322058883607585
27.308841760617916
27.30450633055454
27.30450633055454
27.30450633055454
27.30450633055454
27.30450633055454
27.30450633055454
27.30450633055454
27.30450633055454
27.30450633055454
27.30450633055454
27.30450633055454
27.30450633055454
27.30450633055454
27.30450633055454
27.30450633055454
27.30450633055454
27.30450633055454
27.30450633055454
27.30450633055454
27.30450633055454
27.30450633055454
27.30450633055454
27.30450633055454
27.304198041953768
27.304198041953768
27.302177001902486
27.302177001902486
27.30085847794422
27.30058654231667
27.30058654231667
27.300577643889294
27.300577643889294
27.30026926924987
27.30026926924987
27.30026926924987
27.30026926924987
27.30023801331738
27.30023801331738
27.30023801331738
27.30023801331738
27.300225432732006
27.300215411179412
27.300096578521213
27.29890568741174
27.29845477615075
27.298286742368752
27.298286742368752
27.298286742368752
27.298286742368752
27.298286742368752
27.298286742368752
27.298286742368752
27.298286742368752
27.298286742368752
27.298286742368752
27.298286742368752
27.298286742368752
27.298286742368752
27.298286742368752
27.298286742368752
27.298286742368752
27.298286742368752
27.298286742368752
27.298286742368752
27.298286742368752
27.298286742368752
27.298286742368752
27.298286742368752
27.298286742368752
27.298286742368752
27.298286742368752
27.298286742368752
27.298286742368752
27.298286742368752
27.298286742368752
27.298286742368752
27.298286742368752
27.298286742368752
27.298286742368752
27.298286742368752
27.298283383060163
27.298283383060163
27.29792335683942
27.29792335683942
27.29792335683942
27.29792335683942
27.29792335683942
27.283296842339873
27.283296842339873
27.283296842339873
27.283296842339873
27.283296842339873
27.283296842339873
27.283296842339873
27.283296842339873
27.34917329953461
27.108934968007837
27.108934968007837
27.108934968007837
27.108934968007837
27.108934968007837
27.108934968007837
27.108934968007837
27.108934968007837
27.108934968007837
27.108934968007837
27.108934968007837
27.108934968007837
27.108934968007837
27.108934968007837
27.108934968007837
27.108934968007837
27.108934968007837
27.108934968007837
27.108934968007837
27.108934968007837
27.108934968007837
27.108934968007837
27.108934968007837
27.108934968007837
27.108934968007837
27.108934968007837
27.108934968007837
27.108934968007837
27.108934968007837
27.108934968007837
27.108934968007837
27.108934968007837
27.108934968007837
27.108934968007837
27.108934968007837
27.108934968007837
27.108934968007837
27.108934968007837
27.108934968007837
27.108934968007837
27.108934968007837
27.108934968007837
27.108934968007837
27.108934968007837
27.108934968007837
27.108934968007837
27.108934968007837
27.108934968007837
27.108934968007837
27.108934968007837
27.108934968007837
27.108934968007837
27.108934968007837
27.108934968007837
27.108934968007837
27.108934968007837
27.108934968007837
27.108934968007837
27.108934968007837
27.108934968007837
27.108934968007837
27.108934968007837
27.108934968007837
27.108934968007837
27.108934968007837
27.108934968007837
27.108934968007837
27.046168459311545
27.046168459311545
27.046168459311545
27.046168459311545
27.046168459311545
27.046168459311545
27.046168459311545
27.046168459311545
27.046168459311545
27.046168459311545
27.046168459311545
27.046168459311545
27.046168459311545
27.046168459311545
27.046168459311545
27.046168459311545
27.046168459311545
27.046168459311545
27.046168459311545
27.046168459311545
27.046168459311545
27.046168459311545
27.046168459311545
27.046168459311545
27.046168459311545
27.046168459311545
27.046168459311545
27.046168459311545
27.046168459311545
27.046168459311545
27.046168459311545
27.046168459311545
27.046168459311545
27.046168459311545
27.046168459311545
27.046168459311545
27.046168459311545
27.046168459311545
27.046168459311545
27.046168459311545
27.046168459311545
27.046168459311545
27.046168459311545
27.046168459311545
27.034073599679644
27.034073599679644
27.034073599679644
27.034073599679644
27.034073599679644
27.034073599679644
27.034073599679644
27.034073599679644
27.034073599679644
27.034073599679644
27.034073599679644
27.034073599679644
27.034073599679644
27.034073599679644
27.034073599679644
27.034073599679644
27.034073599679644
27.034073599679644
27.034073599679644
27.034073599679644
27.034073599679644
27.034073599679644
27.034073599679644
27.034073599679644
27.034073599679644
27.034073599679644
27.034073599679644
27.034073599679644
27.034073599679644
27.034073599679644
27.034073599679644
27.034073599679644
27.034073599679644
27.034073599679644
27.034073599679644
27.034073599679644
27.034073599679644
27.034073599679644
27.034073599679644
27.034073599679644
27.034073599679644
27.034073599679644
27.034073599679644
27.034073599679644
27.03315327752824
27.03315327752824
27.03315327752824
27.03315327752824
27.020616085976307
27.020616085976307
27.020616085976307
27.020616085976307
27.020616085976307
27.020616085976307
27.020616085976307
27.020616085976307
27.020616085976307
27.020616085976307
27.020616085976307
27.020616085976307
27.020616085976307
27.020616085976307
27.020616085976307
27.020616085976307
27.020616085976307
27.020616085976307
27.020616085976307
27.020616085976307
27.020616085976307
27.020616085976307
27.020616085976307
27.020616085976307
27.0204376970289
27.0204376970289
27.0204376970289
27.0204376970289
27.0204376970289
26.984885003159434
26.984885003159434
26.984885003159434
26.984885003159434
27.009925819857934
27.009925819857934
27.009925819857934
27.009925819857934
27.009925819857934
27.009925819857934
27.009925819857934
27.009925819857934
27.00871729434238
27.00871729434238
27.00871729434238
27.00871729434238
27.00871729434238
27.00871729434238
27.00871729434238
27.00871729434238
27.00871729434238
27.00871729434238
27.00871729434238
27.00871729434238
27.00871729434238
27.00871729434238
27.00871729434238
27.00871729434238
27.00871729434238
27.00871729434238
27.00871729434238
27.00871729434238
27.00958942146041
27.003852954383884
27.003852954383884
27.003852954383884
27.003852954383884
27.003852954383884
27.003852954383884
27.003852954383884
27.003852954383884
27.003820501597865
27.003820501597865
27.003820501597865
27.003820501597865
27.003820501597865
27.003820501597865
27.003820501597865
27.003820501597865
27.003820501597865
27.004086614294188
26.99790180937985
26.99790180937985
26.99790180937985
26.99790180937985
26.99790180937985
26.99790180937985
26.996556077430554
26.996556077430554
26.996556077430554
26.996556077430554
26.996556077430554
26.996556077430554
26.996556077430554
26.996556077430554
26.996556077430554
26.996556077430554
26.996556077430554
26.996556077430554
26.996556077430554
26.996556077430554
26.996556077430554
26.996556077430554
26.996556077430554
26.996556077430554
26.996556077430554
26.996556077430554
26.996556077430554
26.996556077430554
26.996556077430554
26.996556077430554
26.996556077430554
26.996556077430554
26.996556077430554
26.996556077430554
26.996556077430554
26.996556077430554
26.996556077430554
26.996556077430554
26.996556077430554
26.996556077430554
26.996556077430554
26.996556077430554
26.996556077430554
26.996556077430554
26.996556077430554
26.996556077430554
26.996556077430554
26.996556077430554
26.992371833339647
26.992371833339647
26.9911680459612
26.979706389377508
26.979706389377508
26.977461922411486
26.977461922411486
26.977461922411486
26.9744099793996
26.9744099793996
26.9744099793996
26.9744099793996
26.9744099793996
26.9744099793996
26.9744099793996
26.974387928406895
26.974387928406895
26.974387928406895
26.974387928406895
26.974387928406895
26.974387928406895
26.974387928406895
26.974387928406895
26.974387928406895
26.974387928406895
26.974387928406895
26.974387928406895
26.974387928406895
26.974387928406895
26.974387928406895
26.974387928406895
26.974387928406895
26.974387928406895
26.974387928406895
26.974387928406895
26.968642600732647
26.968642600732647
26.979706389377508
26.968642600732647
26.968642600732647
26.968642600732647
26.968642600732647
26.968642600732647
26.968642600732647
26.968642600732647
26.968642600732647
26.968642600732647
26.968642600732647
26.968642600732647
26.967801934734986
26.967801934734986
26.967801934734986
26.967801934734986
26.967801934734986
26.967801934734986
26.967801934734986
26.967801934734986
26.967801934734986
26.966582342605598
26.966582342605598
26.96377057260267
26.96377057260267
26.96377057260267
26.96377057260267
26.96377057260267
26.963745288764674
26.963745288764674
26.96331150097566
26.96331150097566
26.96331150097566
26.96331150097566
26.96331150097566
26.96331150097566
26.96331150097566
26.96331150097566
26.96331150097566
26.96331150097566
26.96331150097566
26.96331150097566
26.96331150097566
26.96331150097566
26.96331150097566
26.994816787422796
26.968642600732647
26.952418892960825
26.952418892960825
26.952418892960825
26.952418892960825
26.952418892960825
26.952418892960825
26.952418892960825
26.952418892960825
26.952418892960825
26.952418892960825
26.952418892960825
26.952418892960825
26.952418892960825
26.952418892960825
26.952418892960825
26.952418892960825
26.952418892960825
26.952418892960825
26.952418892960825
26.952418892960825
26.952418892960825
26.952418892960825
26.952418892960825
26.952418892960825
26.952418892960825
26.952418892960825
26.952418892960825
26.958570910574146
26.958570910574146
26.930702230792857
26.930702230792857
26.930702230792857
26.930702230792857
26.930702230792857
26.924475440508157
26.924475440508157
26.924475440508157
26.924475440508157
26.924475440508157
26.93000420522241
26.93000420522241
26.93000420522241
26.93000420522241
26.93000420522241
26.93000420522241
26.93000420522241
26.92951927457404
26.92951927457404
26.926685352680472
26.926685352680472
26.926685352680472
26.926685352680472
26.903222374382388
26.903222374382388
26.903222374382388
26.903222374382388
26.903222374382388
26.903222374382388
26.903222374382388
26.903222374382388
26.903222374382388
26.903222374382388
26.903222374382388
26.903222374382388
26.903222374382388
26.903222374382388
26.903222374382388
26.903222374382388
26.903222374382388
26.903222374382388
26.903222374382388
26.903222374382388
26.903222374382388
26.903222374382388
26.903222374382388
26.903222374382388
26.903222374382388
26.903222374382388
26.903222374382388
26.903222374382388
26.903222374382388
26.903222374382388
26.903222374382388
26.903222374382388
26.903222374382388
26.903222374382388
26.903222374382388
26.903222374382388
26.903222374382388
26.903222374382388
26.903222374382388
26.903222374382388
26.903222374382388
26.903222374382388
26.903222374382388
26.903222374382388
26.903222374382388
26.903222374382388
26.903222374382388
26.903222374382388
26.903222374382388
26.903222374382388
26.903222374382388
26.903222374382388
26.903222374382388
26.903222374382388
26.903222374382388
26.903222374382388
26.903222374382388
26.903222374382388
26.903222374382388
26.903222374382388
26.903222374382388
26.903222374382388
26.903222374382388
26.903222374382388
26.903222374382388
26.903222374382388
26.903222374382388
26.903222374382388
26.903222374382388
26.903222374382388
26.903222374382388
26.903222374382388
26.903222374382388
26.9237873707126
26.9237873707126
26.9237873707126
26.92023950570023
26.92023950570023
26.919823410155818
26.919823410155818
26.916605926582978
26.916605926582978
26.916605926582978
26.916605926582978
26.910289339245644
26.910289339245644
26.910289339245644
26.910289339245644
26.910289339245644
26.910289339245644
26.910289339245644
26.930399316259827
26.915536988095113
26.915554265154483
26.915554265154483
26.915536988095113
26.915536988095113
26.911165698302607
26.911165698302607
26.91233028461934
26.91233028461934
26.91233028461934
26.91233028461934
26.90887559953259
26.90662707640194
26.90662707640194
26.906439874557947
26.906439874557947
26.905347511526095
26.905347511526095
26.905347511526095
26.905347511526095
26.905347511526095
26.905347511526095
26.905347511526095
26.905347511526095
26.905347511526095
26.905347511526095
26.905347511526095
26.905347511526095
26.905347511526095
26.904999670288376
26.90486021848646
26.90486021848646
26.90486021848646
26.90485721805585
26.90485721805585
26.90485721805585
26.904854038343103
26.904854038343103
26.904854038343103
26.90485079055364
26.90485079055364
26.90485079055364
26.90485079055364
26.90484838281263
26.90484838281263
26.90484838281263
26.90484838281263
26.90484838281263
26.904859863554734
26.90051959673501
26.903058433939822
26.903058433939822
26.903058433939822
26.903058433939822
26.903058433939822
26.903058433939822
26.903058433939822
26.903058433939822
26.903058433939822
26.903058433939822
26.903058433939822
26.903058433939822
26.903058433939822
26.903058433939822
26.903058433939822
26.903058433939822
26.903058433939822
26.904579394804607
26.904579394804607
26.904579394804607
26.904579394804607
26.904579394804607
26.905254902443613
26.90051959673501
26.900765149055474
26.900765149055474
26.900765149055474
26.900765149055474
26.900765149055474
26.900765149055474
26.900765149055474
26.900765149055474
26.900765149055474
26.900765149055474
26.902628973950716
26.902350530174555
26.902283808862073
26.895928685167668
26.895928685167668
26.895928685167668
26.895928685167668
26.895928685167668
26.895928685167668
26.895928685167668
26.895928685167668
26.90314656628703
26.900326707202115
26.90051959673501
26.893324924901755
26.893324924901755
26.893324924901755
26.893324924901755
26.893324924901755
26.893324924901755
26.893324924901755
26.893324924901755
26.893324924901755
26.893324924901755
26.893324924901755
26.893324924901755
26.893324924901755
26.893324924901755
26.893324924901755
26.893324924901755
26.893324924901755
26.893324924901755
26.893324924901755
26.893324924901755
26.893324924901755
26.893324924901755
26.893324924901755
26.893324924901755
26.893324924901755
26.893324924901755
26.893324924901755
26.893324924901755
26.893324924901755
26.893324924901755
26.893324924901755
26.893324924901755
26.893324924901755
26.893324924901755
26.893324924901755
26.893324924901755
26.893324924901755
26.893324924901755
26.893324924901755
26.893324924901755
26.893324924901755
26.893324924901755
26.893324924901755
26.893324924901755
26.893324924901755
26.893324924901755
26.893324924901755
26.893324924901755
26.893324924901755
26.893296828865335
26.893296828865335
26.893296828865335
26.893296828865335
26.893296828865335
26.893296828865335
26.893296828865335
26.893296828865335
26.893296828865335
26.892937310407063
26.892937310407063
26.892937310407063
26.892937310407063
26.892754015930088
26.892754015930088
26.892754015930088
26.892754015930088
26.892754015930088
26.892754015930088
26.892754015930088
26.892754015930088
26.892754015930088
26.892754015930088
26.892754015930088
26.892754015930088
26.892754015930088
26.892754015930088
26.892754015930088
26.892754015930088
26.892754015930088
26.892754015930088
26.892754015930088
26.892754015930088
26.892754015930088
26.892754015930088
26.892754015930088
26.892754015930088
26.892754015930088
26.892733435662713
26.892733435662713
26.892733435662713
26.892733435662713
26.892733435662713
26.892733435662713
26.896193794656206
26.892733435662713
26.892733435662713
26.892733435662713
26.892733435662713
26.892733435662713
26.892733435662713
26.892733435662713
26.892733435662713
26.892733435662713
26.892733435662713
26.890014216287767
26.890014216287767
26.890014216287767
26.890014216287767
26.890014216287767
26.890014216287767
26.890014216287767
26.890014216287767
26.890014216287767
26.890014216287767
26.88601877034989
26.88601877034989
26.88601877034989
26.88601877034989
26.88601877034989
26.88601877034989
26.885164849578842
26.885164849578842
26.885164849578842
26.884912907168918
26.884912907168918
26.884912907168918
26.884912907168918
26.884912907168918
26.884912907168918
26.884912907168918
26.884912907168918
26.88193542770926
26.88193542770926
26.88193542770926
26.88193542770926
26.88193542770926
26.88193542770926
26.88193542770926
26.88193542770926
26.885872015546504
26.881630695582025
26.881630695582025
26.881630695582025
26.881630695582025
26.87902210165892
26.87902210165892
26.87902210165892
26.87578904238336
26.87578904238336
26.87578904238336
26.87461859610957
26.87461859610957
26.87461859610957
26.874524094403778
26.874524094403778
26.874524094403778
26.87352529446892
26.87352529446892
26.87352529446892
26.87352529446892
26.87352529446892
26.87352529446892
26.87352529446892
26.87352529446892
26.873245298622912
26.873245298622912
26.873245298622912
26.87285138902448
26.87285138902448
26.87285138902448
26.87285138902448
26.87285138902448
26.87285138902448
26.87285138902448
26.87293755056047
26.87293755056047
26.87293755056047
26.87293755056047
26.87293755056047
26.87292125220635
26.87292125220635
26.872877654532694
26.872877654532694
26.872856196741687
26.872856196741687
26.872856196741687
26.872856196741687
26.872856196741687
26.872856196741687
26.872856196741687
26.872856196741687
26.872856196741687
26.872856196741687
26.8728519145669
26.8728519145669
26.8728519145669
26.898361364245467
26.8728519145669
26.8728519145669
26.8728519145669
26.858993223470648
26.858993223470648
26.858993223470648
26.858993223470648
26.858993223470648
26.870094473502384
26.870094473502384
26.857286020816108
26.857286020816108
26.903289471023655
26.853879626673365
26.853879626673365
26.853879626673365
26.853879626673365
26.853879626673365
26.853879626673365
26.853879626673365
26.853879626673365
26.853879626673365
26.853879626673365
26.853879626673365
26.853879626673365
26.853879626673365
26.853879626673365
26.853879626673365
26.853879626673365
26.853879626673365
26.853879626673365
26.853879626673365
26.77505558663145
26.77505558663145
26.77505558663145
26.77505558663145
26.77505558663145
26.77505558663145
26.77505558663145
26.77505558663145
26.77505558663145
26.77505558663145
26.853879626673365
26.853879626673365
26.853879626673365
26.84728850187191
26.84728850187191
26.84728850187191
26.841050955926868
26.841050955926868
26.841050955926868
26.841050955926868
26.841050955926868
26.832724102988962
26.832724102988962
26.832088015130292
26.832088015130292
26.83186957395692
26.83186957395692
26.83186957395692
26.83186957395692
26.83186957395692
26.831867150768318
26.831723581253378
26.831723581253378
26.831669653158094
26.831723581253378
26.831669653158094
26.831669653158094
26.831669653158094
26.831669653158094
26.83154179756567
26.83154179756567
26.83154179756567
26.83154179756567
26.83154179756567
26.83154179756567
26.827507943291423
26.827507943291423
26.827507943291423
26.827507943291423
26.827507943291423
26.827507943291423
26.83146664604289
26.829865025448502
26.829865025448502
26.82951862869531
26.82948203552476
26.82948203552476
26.82948203552476
26.8293271544291
26.8293271544291
26.8293271544291
26.829144363776198
26.829144363776198
26.829144363776198
26.829144363776198
26.829144363776198
26.829144363776198
26.831200222534147
26.829144363776198
26.827499481332314
26.827499481332314
26.827499481332314
26.827499481332314
26.827499481332314
26.827499481332314
26.827499481332314
26.827499481332314
26.827499481332314
26.827589261535213
26.827589261535213
26.827589261535213
26.827589261535213
26.827589261535213
26.827507943291423
26.827507943291423
26.827507943291423
26.827507943291423
26.827507943291423
26.827507943291423
26.827507943291423
26.827507943291423
26.827507943291423
26.827507943291423
26.827507943291423
26.827507943291423
26.827507943291423
26.827507943291423
26.827489743943342
26.827489743943342
26.827489743943342
26.830025372097516
26.794983968647383
26.794983968647383
26.794983968647383
26.794983968647383
26.801421002931505
26.801421002931505
26.801421002931505
26.801421002931505
26.801421002931505
26.801421002931505
26.801421002931505
26.801421002931505
26.801421002931505
26.801421002931505
26.801421002931505
26.801421002931505
26.801421002931505
26.801421002931505
26.801421002931505
26.801421002931505
26.801421002931505
26.801421002931505
26.814965476562413
26.814965476562413
26.814965476562413
26.814965476562413
26.81423824810469
26.81423824810469
26.81423824810469
26.81423824810469
26.81423824810469
26.81423824810469
26.81423824810469
26.81421127382234
26.813732572043072
26.813732572043072
26.801421002931505
26.801421002931505
26.801421002931505
26.801421002931505
26.801421002931505
26.801421002931505
26.801421002931505
26.801421002931505
26.801421002931505
26.801421002931505
26.801421002931505
26.801421002931505
26.801421002931505
26.801421002931505
26.801421002931505
26.801421002931505
26.801421002931505
26.801421002931505
26.801421002931505
26.801421002931505
26.801421002931505
26.801421002931505
26.801421002931505
26.797399299108143
26.797399299108143
26.797399299108143
26.797399299108143
26.797399299108143
26.797399299108143
26.797399299108143
26.796965186268313
26.79698976910221
26.79698976910221
26.79698976910221
26.79698976910221
26.79698976910221
26.796965186268313
26.796965186268313
26.796809000378953
26.796809000378953
26.796809000378953
26.796809000378953
26.796809000378953
26.796809000378953
26.796809000378953
26.796809000378953
26.796809000378953
26.79686585966814
26.79686585966814
26.796821712956604
26.796821712956604
26.796821712956604
26.796821712956604
26.796821712956604
26.796821712956604
26.796821712956604
26.796821712956604
26.796821712956604
26.796821712956604
26.796821712956604
26.796821712956604
26.796821712956604
26.796821712956604
26.796821712956604
26.796821712956604
26.835149985737157
26.796809000378953
26.796770744167635
26.796770744167635
26.796770744167635
26.796768793324933
26.796768793324933
26.796765943650744
26.796765943650744
26.796765943650744
26.796765943650744
26.796765943650744
26.796765943650744
26.796765943650744
26.796765943650744
26.796765943650744
26.796765943650744
26.796765943650744
26.796765943650744
26.796765943650744
26.796765943650744
26.796765943650744
26.796765943650744
26.796765943650744
26.796765943650744
26.796765943650744
26.796765943650744
26.796765943650744
26.796765943650744
26.796765943650744
26.797258885872363
26.795737949206647
26.795737949206647
26.795737949206647
26.779311616117862
26.779311616117862
26.779311616117862
26.779311616117862
26.779311616117862
26.779311616117862
26.779311616117862
26.779311616117862
26.779311616117862
26.779311616117862
26.779311616117862
26.779311616117862
26.779311616117862
26.779311616117862
26.779311616117862
26.779311616117862
26.779311616117862
26.779311616117862
26.779311616117862
26.779311616117862
26.794983968647383
26.794983968647383
26.772418787938598
26.772418787938598
26.772418787938598
26.786941775948765
26.786941775948765
26.786941775948765
26.786941775948765
26.775178406229077
26.775178406229077
26.775178406229077
26.775178406229077
26.775178406229077
26.775178406229077
26.775178406229077
26.775178406229077
26.775178406229077
26.775178406229077
26.772418787938598
26.772418787938598
26.772418787938598
26.772418787938598
26.772418787938598
26.772418787938598
26.772418787938598
26.772418787938598
26.772418787938598
26.772418787938598
26.772418787938598
26.772418787938598
26.772418787938598
26.772418787938598
26.772418787938598
26.772418787938598
26.772418787938598
26.772418787938598
26.772418787938598
26.772418787938598
26.772418787938598
26.772418787938598
26.772418787938598
26.772418787938598
26.772418787938598
26.772418787938598
26.772418787938598
26.772418787938598
26.772418787938598
26.772418787938598
26.772418787938598
26.772418787938598
26.772418787938598
26.76998164578935
26.76998164578935
26.76998164578935
26.76998164578935
26.76998164578935
26.76998164578935
26.76998164578935
26.76998164578935
26.76925525200387
26.76925525200387
26.76925525200387
26.76925525200387
26.76925525200387
26.76925525200387
26.76925525200387
26.76925525200387
26.76925525200387
26.76925525200387
26.76925525200387
26.76925525200387
26.76925525200387
26.76925525200387
26.76925525200387
26.76925525200387
26.76925525200387
26.76925525200387
26.76925525200387
26.76925525200387
26.76925525200387
26.76925525200387
26.76925525200387
26.76925525200387
26.76925525200387
26.76925525200387
26.76925525200387
26.76925525200387
26.76925525200387
26.76925525200387
26.76925525200387
26.76925525200387
26.76925525200387
26.76925525200387
26.76925525200387
26.76925525200387
26.76925525200387
26.76925525200387
26.76925525200387
26.76925525200387
26.769253580671748
26.769253580671748
26.769253580671748
26.769253580671748
26.769253580671748
26.769253580671748
26.769253580671748
26.769253580671748
26.769253580671748
26.769253580671748
26.769253580671748
26.769253580671748
26.769253580671748
26.769253580671748
26.769253580671748
26.769253580671748
26.769253580671748
26.769253580671748
26.769253580671748
26.769253580671748
26.769253580671748
26.769253580671748
26.769253580671748
26.769253580671748
26.769253580671748
26.769253580671748
26.769253580671748
26.769253580671748
26.769253580671748
26.769253580671748
26.76925339246891
26.76925339246891
26.769252515484396
26.769252515484396
26.769252515484396
26.769252515484396
26.769252515484396
26.769252515484396
26.769252515484396
26.769252515484396
26.769252515484396
26.769252515484396
26.769252515484396
26.769252515484396
26.769252263446347
26.769245667154784
26.769245667154784
26.769235246884755
26.769235246884755
26.76920597287817
26.76906438314807
26.76906438314807
26.76906438314807
26.76906438314807
26.76906438314807
26.76906438314807
26.769054566851068
26.769054566851068
26.769054566851068
26.769054566851068
26.769054566851068
26.769054566851068
26.769054566851068
26.769054566851068
26.769054566851068
26.769054566851068
26.769054566851068
26.769054566851068
26.769054566851068
26.769054566851068
26.769054566851068
26.769054566851068
26.769054566851068
26.769054566851068
26.769054566851068
26.769054566851068
26.769054566851068
26.769054566851068
26.769054566851068
26.769054566851068
26.769054566851068
26.769054566851068
26.769054566851068
26.769054566851068
26.769054566851068
26.769054554818894
26.769054554818894
26.769054554818894
26.769054554818894
26.769054554818894
26.769054554818894
26.769054554818894
26.769054554818894
26.769054554818894
26.769054554818894
26.769054554818894
26.769054554818894
26.769054554818894
26.769242672369202
26.769054554818894
26.769054554818894
26.769054554818894
26.769054554818894
26.769054554818894
26.769054554818894
26.769054554818894
26.769047158177866
26.769047158177866
26.769047158177866
26.769047158177866
26.769047158177866
26.769047158177866
26.735573426821627
26.735573426821627
26.735573426821627
26.735573426821627
26.735573426821627
26.735573426821627
26.735573426821627
26.735573426821627
26.735573426821627
26.735573426821627
26.735573426821627
26.735573426821627
26.735573426821627
26.735573426821627
26.735573426821627
26.735573426821627
26.735573426821627
26.735573426821627
26.735573426821627
26.735573426821627
26.735573426821627
26.735573426821627
26.735573426821627
26.735573426821627
26.735573426821627
26.735573426821627
26.735573426821627
26.735573426821627
26.735573426821627
26.735573426821627
26.735573426821627
26.735573426821627
26.735573426821627
26.735573426821627
26.735573426821627
26.735573426821627
26.735573426821627
26.735573426821627
26.735573426821627
26.735573426821627
26.735573426821627
26.735573426821627
26.735573426821627
26.735573426821627
26.735573426821627
26.735573426821627
26.735573426821627
26.735573426821627
26.735573426821627
26.735573426821627
26.735573426821627
26.735573426821627
26.735573426821627
26.735573426821627
26.735573426821627
26.735573426821627
26.735573426821627
26.735573426821627
26.735573426821627
26.735573426821627
26.735573426821627
26.735573426821627
26.735573426821627
26.735573426821627
26.735573426821627
26.735573426821627
26.735573426821627
26.735573426821627
26.735573426821627
26.735573426821627
26.735573426821627
26.735573426821627
26.735573426821627
26.735573426821627
26.735573426821627
26.735573426821627
26.77094022382845
26.75331798375203
26.75331798375203
26.75331798375203
26.75331798375203
26.766190200676416
26.759929988078532
26.759929988078532
26.75670818852167
26.75670818852167
26.75670818852167
26.75670818852167
26.75670818852167
26.75670818852167
26.75670818852167
26.75670818852167
26.75670818852167
26.75670818852167
26.756693185047844
26.756693185047844
26.756693185047844
26.75668521731223
26.75668521731223
26.756623721488417
26.755688612369124
26.755688612369124
26.755688612369124
26.755688612369124
26.755000675827613
26.754157443344095
26.75364975459557
26.75364975459557
26.75364975459557
26.75364975459557
26.75364975459557
26.753530162852265
26.753530162852265
26.753530162852265
26.753530162852265
26.753530162852265
26.753530162852265
26.753530162852265
26.753530162852265
26.753530162852265
26.753530162852265
26.753530162852265
26.753530162852265
26.753530162852265
26.753530162852265
26.753530162852265
26.753530162852265
26.753530162852265
26.753530162852265
26.753530162852265
26.753530162852265
26.753530162852265
26.753530162852265
26.753530162852265
26.75352321784711
26.75352321784711
26.75348183420389
26.75348183420389
26.75348183420389
26.75348183420389
26.75348183420389
26.75348183420389
26.75348183420389
26.75348183420389
26.75348183420389
26.75348183420389
26.75348183420389
26.75348183420389
26.75348183420389
26.75348183420389
26.75348183420389
26.75348183420389
26.75348183420389
26.75348183420389
26.75348183420389
26.75348183420389
26.75348183420389
26.75348183420389
26.75348183420389
26.75348183420389
26.753421059936695
26.753421059936695
26.753421059936695
26.753421059936695
26.753421059936695
26.753421059936695
26.75339286754128
26.75339286754128
26.75339286754128
26.75339286754128
26.75339286754128
26.75339286754128
26.75339286754128
26.75339286754128
26.75339286754128
26.75339286754128
26.75339286754128
26.75339286754128
26.75339286754128
26.75339286754128
26.75339286754128
26.75339286754128
26.75339286754128
26.75339286754128
26.75339286754128
26.75339286754128
26.75339286754128
26.75339286754128
26.75339286754128
26.75339286754128
26.75339286754128
26.75339286754128
26.75339286754128
26.75339286754128
26.75339286754128
26.75339286754128
26.75339286754128
26.730919021647974
26.730919021647974
26.730919021647974
26.730919021647974
26.730919021647974
26.730919021647974
26.730919021647974
26.730919021647974
26.730919021647974
26.730919021647974
26.730919021647974
26.730919021647974
26.730919021647974
26.730919021647974
26.730919021647974
26.730919021647974
26.730919021647974
26.730919021647974
26.730919021647974
26.730919021647974
26.730919021647974
26.730919021647974
26.730919021647974
26.730919021647974
26.730919021647974
26.730919021647974
26.730919021647974
26.730919021647974
26.730919021647974
26.730919021647974
26.730919021647974
26.730919021647974
26.730919021647974
26.730919021647974
26.730919021647974
26.730919021647974
26.730919021647974
26.730919021647974
26.730919021647974
26.730919021647974
26.730919021647974
26.730919021647974
26.730919021647974
26.730919021647974
26.730919021647974
26.730919021647974
26.730919021647974
26.730919021647974
26.730919021647974
26.730919021647974
26.730919021647974
26.730919021647974
26.730919021647974
26.730919021647974
26.730919021647974
26.730919021647974
26.730919021647974
26.756931858637056
26.730919021647974
26.730919021647974
26.730919021647974
26.730919021647974
26.730919021647974
26.776407960303015
26.730919021647974
26.730919021647974
26.772668430454452
26.770036725689593
26.752486407518493
26.737208372863897
26.737208372863897
26.737208372863897
26.737208372863897
26.740088488173537
26.73751904028272
26.73751904028272
26.73751904028272
26.73751904028272
26.73751904028272
26.73751904028272
26.73751904028272
26.73751904028272
26.73751904028272
26.73751904028272
26.73751904028272
26.73751904028272
26.73751904028272
26.73751904028272
26.73751904028272
26.73751904028272
26.737208372863897
26.737208372863897
26.737208372863897
26.737208372863897
26.737208372863897
26.737208372863897
26.737208372863897
26.737208372863897
26.737208372863897
26.737208372863897
26.737208372863897
26.737208372863897
26.73717770609899
26.73717770609899
26.73693694146405
26.73693694146405
26.73693694146405
26.73693694146405
26.73693694146405
26.737118588874406
26.737118588874406
26.73693694146405
26.73693694146405
26.73693694146405
26.73693694146405
26.73693694146405
26.73693694146405
26.73693694146405
26.73693694146405
26.73693694146405
26.73693694146405
26.73693694146405
26.73693694146405
26.73690012300964
26.73690012300964
26.73690012300964
26.73690012300964
26.736874402273326
26.736874402273326
26.736874402273326
26.74277629680073
26.735848338206615
26.735848338206615
26.735848338206615
26.735848338206615
26.737339040675852
26.736874402273326
26.735822175723644
26.735822175723644
26.735822175723644
26.735822175723644
26.735822175723644
26.735822175723644
26.735822175723644
26.735822175723644
26.735822175723644
26.735822175723644
26.735822175723644
26.735822175723644
26.735822175723644
26.735822175723644
26.735822175723644
26.735822175723644
26.735822175723644
26.735822175723644
26.735822175723644
26.735822175723644
26.735822175723644
26.735822175723644
26.735822175723644
26.735822175723644
26.735822175723644
26.735822175723644
26.735822175723644
26.735822175723644
26.735822175723644
26.735822175723644
26.735822175723644
26.735822175723644
26.735822175723644
26.735822175723644
26.735822175723644
26.735822175723644
26.735822175723644
26.735822175723644
26.735822175723644
26.735822175723644
26.735822175723644
26.735822175723644
26.735822175723644
26.736204651882336
26.736204651882336
26.736099590116417
26.736099590116417
26.736099590116417
26.736099590116417
26.736099590116417
26.73607069770927
26.73733486043079
26.736014595750902
26.736014595750902
26.73460117776028
26.73460117776028
26.734405524271704
26.734405524271704
26.73301125330205
26.73301125330205
26.73301125330205
26.73301125330205
26.73301125330205
26.73301125330205
26.73301125330205
26.73301125330205
26.73301125330205
26.73301125330205
26.73301125330205
26.73301125330205
26.73301125330205
26.73301125330205
26.73301125330205
26.73301125330205
26.73301125330205
26.73301125330205
26.73301125330205
26.73301125330205
26.73301125330205
26.73301125330205
26.73301125330205
26.73301125330205
26.73301125330205
26.73301125330205
26.73301125330205
26.73301125330205
26.73301125330205
26.73301125330205
26.73301125330205
26.73301125330205
26.73301125330205
26.73301125330205
26.73301125330205
26.732487654144858
26.732487654144858
26.732487654144858
26.732487654144858
26.732973930188386
26.732973930188386
26.732973930188386
26.732973930188386
26.732973930188386
26.732973930188386
26.732973930188386
26.732487654144858
26.732487654144858
26.732487654144858
26.732487654144858
26.732487654144858
26.732487654144858
26.732487654144858
26.732487654144858
26.732487654144858
26.732487654144858
26.732487654144858
26.732487654144858
26.73285302124937
26.73285302124937
26.73285302124937
26.73285302124937
26.73285302124937
26.73285302124937
26.73285302124937
26.73285302124937
26.73285302124937
26.73285302124937
26.73285302124937
26.73285302124937
26.73285302124937
26.732854575535832
26.732854575535832
26.732487654144858
26.732487654144858
26.732487654144858
26.732487654144858
26.732487654144858
26.732487654144858
26.732487654144858
26.732487654144858
26.732487654144858
26.732487654144858
26.732487654144858
26.732487654144858
26.732487654144858
26.732487654144858
26.732487654144858
26.732487654144858
26.732487654144858
26.732487654144858
26.732487654144858
26.732487654144858
26.732487654144858
26.732487654144858
26.732487654144858
26.732487654144858
26.732487654144858
26.732487654144858
26.732487654144858
26.732487654144858
26.732487654144858
26.732487654144858
26.732487654144858
26.732487654144858
26.732487654144858
26.732487654144858
26.734839073751587
26.727639955023964
26.727639955023964
26.727639955023964
26.727639955023964
26.727639955023964
26.727255402807067
26.726375495105962
26.72591660228898
26.72570620951897
26.72563814604423
26.72563814604423
26.72563814604423
26.72563814604423
26.72563814604423
26.72563814604423
26.72563814604423
26.72563814604423
26.72563814604423
26.72563814604423
26.7256363561028
26.7256363561028
26.7256363561028
26.7256363561028
26.72563517638935
26.72563517638935
26.72563517638935
26.72563517638935
26.72563517638935
26.72563517638935
26.72563517638935
26.72563517638935
26.725518588497465
26.725518588497465
26.725518588497465
26.725518588497465
26.725518588497465
26.725479281156233
26.735313037623335
26.72542526479869
26.72542526479869
26.72542526479869
26.72542526479869
26.72542526479869
26.71766385984788
26.71766385984788
26.71766385984788
26.706860225151598
26.706860225151598
26.709371973793203
26.709371973793203
26.709371973793203
26.709371973793203
26.709371973793203
26.709371973793203
26.709371973793203
26.709371973793203
26.709371973793203
26.708394420792
26.708394420792
26.70838113384422
26.708369469106678
26.708369469106678
26.708369469106678
26.708369469106678
26.708369469106678
26.7070498668831
26.7070498668831
26.7070498668831
26.7070498668831
26.7070498668831
26.7070498668831
26.7070498668831
26.7070498668831
26.7070498668831
26.7070498668831
26.7070498668831
26.7070498668831
26.7070498668831
26.7070498668831
26.7070498668831
26.7070498668831
26.7070498668831
26.7070498668831
26.7070498668831
26.7070498668831
26.7070498668831
26.7070498668831
26.7070498668831
26.7070498668831
26.7070498668831
26.7070498668831
26.7070498668831
26.7070498668831
26.7070498668831
26.7070498668831
26.720015062841263
26.699401973128957
26.699401973128957
26.699401973128957
26.699401973128957
26.70245751444326
26.695091654446276
26.691120655565186
26.691120655565186
26.691120655565186
26.691120655565186
26.691120655565186
26.691120655565186
26.691120655565186
26.691120655565186
26.691120655565186
26.691120655565186
26.691120655565186
26.691120655565186
26.691120655565186
26.691120655565186
26.691120655565186
26.691120655565186
26.691120655565186
26.690975666978506
26.690975666978506
26.690975666978506
26.690975666978506
26.690975666978506
26.690975666978506
26.690975666978506
26.690975666978506
26.690975666978506
26.690975666978506
26.690975666978506
26.690975666978506
26.690975666978506
26.690975666978506
26.690975666978506
26.690975666978506
26.690975666978506
26.690975666978506
26.690975666978506
26.690975666978506
26.690430415342515
26.690430415342515
26.690430415342515
26.690430415342515
26.689104209452378
26.689104209452378
26.68518923567644
26.684579062787982
26.684579062787982
26.672069613145055
26.672069613145055
26.672069613145055
26.672069613145055
26.672069613145055
26.672069613145055
26.672069613145055
26.672069613145055
26.672069613145055
26.6739162433207
26.6739162433207
26.6739162433207
26.672069613145055
26.672069613145055
26.672069613145055
26.672069613145055
26.672069613145055
26.672069613145055
26.672069613145055
26.67109188875567
26.67109188875567
26.67109188875567
26.67109188875567
26.67109188875567
26.67109188875567
26.67109188875567
26.67109188875567
26.67109188875567
26.67109188875567
26.67109188875567
26.67109188875567
26.67109188875567
26.67109188875567
26.67109188875567
26.67109188875567
26.67109188875567
26.67109188875567
26.67109188875567
